0.5616450
0.0355244
0.0501761
-0.2599434
-1.1933216
0.6993053
2.0385541
-0.4862749
-0.6598737
1.5160199
1.5565785
-0.3642547
-1.4124681
-0.0348638
0.0970755
0.7168918
-0.1917730
-1.2155273
-0.6628204
-0.1703578
-0.1501125
0.6922919
0.0526232
0.2263665
0.2976867
-0.3023379
0.7776789
-1.4636390
-1.4186279
0.0553404
-0.0400676
0.4724651
0.0232764
-1.4425899
0.6482341
-0.3503625
-1.0247967
-0.0174148
-0.1332842
0.8363688
-0.3434801
-0.2633005
-0.0880552
-1.1915270
1.8289464
-0.1579309
0.6163979
0.8376117
0.0177871
-1.4157732
-0.3298010
0.5332458
-0.1451418
0.7689236
0.2313218
-0.3255858
1.0517019
-0.9113044
-0.2519894
-0.9472939
-0.0825695
0.4760433
-1.1309378
-0.0196274
0.5463801
0.0519270
0.0257440
-1.0329450
0.5336564
-0.5182719
-0.7467780
-0.2523379
-0.8143397
0.5848104
-0.9695453
-1.2134813
2.0940311
0.9852654
-0.2446397
-0.3293095
-0.3535651
-0.4679512
0.0675765
-1.3150183
-0.3668915
2.2947660
0.5857491
-0.0199808
-0.3173223
0.4243503
0.7862810
0.8294060
-1.4300307
0.7969259
0.0243236
-1.4682041
0.7120700
-0.5910714
0.5501890
-0.2099148
0.3451912
0.7692998
1.8589131
0.6438232
-0.4618666
0.3137129
0.6264849
0.4345858
2.2438540
0.7897152
-0.3614822
0.6144150
-0.3582122
-0.0205928
-0.3455931
-0.0687872
-0.1347417
0.1413725
0.0147748
-1.3602908
0.0455965
0.6672850
-0.3218749
0.6837909
0.0309782
0.6932531
1.3233583
-1.0465494
-1.3276829
0.7602069
-0.0541324
-0.5617442
0.7431063
-0.0539269
0.5898087
-0.3705039
-0.9173312
0.1025599
0.2276072
-0.0274605
-0.2342449
-0.2414910
-0.0939546
1.6072774
0.5155085
0.0557389
1.9845755
0.7980845
1.2380964
0.0269703
1.5165814
0.8191141
-0.2836735
0.1625469
0.6066709
-0.3127970
-0.3649742
-0.3459881
-0.3493362
-1.4255306
2.0952292
0.5261788
0.4923256
0.7665147
0.0522976
-0.9927781
-0.3328505
0.0441406
-0.3693339
-1.1973677
-0.1703815
1.5268749
-0.2615817
2.2687416
1.9471346
0.0169323
0.0329401
-1.4147109
-0.4579304
-0.0178127
-0.3560751
-1.2498187
-0.3668687
-0.3820146
0.1396934
0.0536373
-0.9894907
0.8287032
0.0473905
-0.7639947
1.2379159
2.2749699
2.2140964
-1.4467952
0.0220460
-0.3055921
-0.2400330
0.7616097
-0.1487368
-0.3611629
0.0006671
-1.4659627
1.5018308
1.1020386
-0.3139049
0.6359076
-1.1721590
-0.3571174
0.5417708
-0.0014325
0.6856107
-1.4259710
0.8259943
1.8039350
-0.9761002
-0.3710309
-0.3709983
-0.1210395
-0.3560015
0.8380158
-0.1645780
0.0439693
0.0391382
-0.0225571
-1.4603963
-0.3612856
-0.6014081
0.8257683
0.0834396
-0.0816581
-1.3970872
0.5358019
0.7447675
-0.3706047
-0.8143001
2.2917584
-0.1534526
0.4094078
0.0555441
-1.3854749
-0.0333415
0.6697877
0.3878252
-0.2169504
-0.3586345
-0.2281120
-1.4497060
-0.2621581
-0.3563845
0.6158702
-1.4015527
0.6837871
-1.1921632
-0.2492195
1.6755904
0.5659949
0.4225304
-0.0950628
1.6749482
-0.1329008
-0.7586711
0.0541498
-1.4612094
-0.6545659
0.6733373
-1.1214156
0.3905548
1.3567191
0.0255648
0.8351157
-0.3286243
-0.1066624
-0.2431179
0.0557204
2.2018350
-0.3293755
-0.3470087
0.8373283
1.9837656
-1.0831377
-0.3195279
-0.2372215
-0.8671844
-1.4729721
-1.4717353
0.5900459
-1.0267356
0.4045638
0.2591010
0.6895597
-0.3442689
-1.4739061
0.7293561
0.0557253
-0.4329005
-0.1690181
-0.3654989
0.6412276
-0.0240553
0.0931021
-0.3287813
-0.3706076
0.0435584
-0.3280551
0.5917643
0.0958380
0.7165612
-0.2617092
-0.2540968
-0.0601658
-1.2471023
0.0556774
-1.2383202
0.0166291
-0.2866490
0.1453751
-0.1350923
-0.3701222
0.1596559
0.5875095
0.0471649
0.0166535
0.6000395
0.6700816
-0.2470805
1.9512582
-0.0817719
0.0141273
-0.1649111
-0.0285904
0.0894780
0.5805221
0.0372891
-0.0643300
-0.2116654
0.0042923
-0.3613244
-0.2786689
-1.4467559
1.6613054
-1.0644819
-1.4719010
0.0316616
-0.0043022
-0.0227713
0.8380037
-0.2625277
0.2347057
0.1034709
0.0152824
-0.5036634
0.4239315
0.4634310
-1.3612549
0.7554926
-0.2052762
-1.4740247
-0.9035038
0.2920941
-1.4591664
0.8348659
-1.3388036
-0.4695218
-1.3325502
-1.4591723
0.0065203
-0.5948230
0.6503437
-0.3697823
-1.3305933
0.5840924
-0.3493266
-1.4739588
0.4668578
0.0115609
1.9755102
0.5903252
0.7580402
0.2288541
-1.4737710
0.0372014
-1.2856604
0.8176814
-0.2562951
0.8296282
0.1950318
1.9173275
-1.3793192
0.3938627
0.0042474
-1.4453215
0.6003620
0.8107311
-0.3571317
-0.2383887
0.3207223
-0.3685895
-0.8989162
0.0477228
1.9440883
0.0518186
0.7709355
-1.4665289
-1.3413504
0.7358981
-0.1002182
-0.2208159
-0.2536040
2.2157621
-0.0058013
-0.3622950
0.8199787
0.2578392
-0.3688732
0.4530520
2.0537705
1.9677898
-1.4727415
-0.3084604
-0.3224775
-0.3669762
-1.4343805
0.0447646
0.2955423
0.2157808
-1.4698611
2.2710078
-0.6559357
0.0254189
-0.0318283
-0.0100814
0.7857953
0.6647457
-0.2548999
-0.1568871
-0.0518318
0.9426044
-0.0315939
-0.8141237
-0.3658844
0.8236985
-0.1601415
-0.3140350
0.0218013
0.0357336
0.0557389
0.6774567
0.0556430
-1.4727820
-0.3529630
-1.3714888
0.0458689
0.0552018
1.9049284
0.0555980
-0.1384060
-0.2256041
0.6923542
-1.3931177
-1.2375859
1.0816027
-0.2391560
-0.2346991
-0.3324734
-1.4398073
-0.1111991
1.6281921
0.0540582
0.0545301
0.6957387
0.0057574
-0.4382015
0.7478879
-1.4685627
0.0295102
-0.2331149
-0.3035369
0.0428393
-0.3007923
-0.3684061
1.2036643
0.7984464
-0.3724098
1.9642339
0.0185394
-1.4335350
0.0479765
0.0213940
0.0266267
-0.2963028
-1.1828010
-1.4624143
0.6696286
0.3544560
0.8177836
-1.4432991
0.0430042
0.3576281
-1.4427185
0.3382889
-0.0621500
-0.2814237
-1.3174526
-0.4889792
0.0520270
0.7122248
0.0073964
0.6171848
-1.0900193
-0.1965994
0.7173440
0.2739305
-0.3681526
0.8190803
0.0413767
0.0405331
-1.1891140
-0.3294899
-0.4438389
-1.3295292
-1.4515972
-1.4206003
0.5899444
1.9029205
-0.2983050
0.0267765
2.0188091
-1.3052603
0.4876577
-1.4704305
-1.4740299
1.3206815
0.5176452
-0.3567951
0.0526991
-0.0600365
-0.0291005
-0.7411450
0.0938813
-0.1842536
-0.3673258
0.3368040
-0.3131452
-1.4534880
-0.0694188
-0.3207630
0.0191096
0.0460168
-1.3216773
-1.0631728
-0.3313522
-1.4713228
0.8259085
-0.3184212
2.2231955
-1.4593394
0.0783636
0.0300340
0.6579919
-1.4125539
0.5016767
0.8367673
0.8372187
0.0457200
-0.3571983
2.2302987
-1.4735928
-1.2492160
-0.2946921
0.1879601
-0.1609430
0.1189744
0.8157485
-0.3221692
0.7596390
1.2419414
0.7650479
1.5915718
-0.4226485
-0.5971769
-0.0595862
0.6300349
0.0552477
0.0110711
0.0512733
-0.0842903
-0.1758119
0.1274204
0.0352641
-0.1667919
-0.2599789
-0.3436477
-1.3336390
0.5768907
0.4229369
0.0497485
0.3695773
0.0224497
0.0948738
0.0268978
-0.0398641
0.0154871
-1.4449866
1.4835098
0.8066484
-1.4535504
-0.1111043
0.7395872
0.7060432
-0.2307707
0.5598656
-1.4691356
0.3774838
-1.4736489
0.0556740
-0.1997116
2.0547702
-0.9028439
-0.0044635
0.7443618
0.7658879
0.5726860
0.6410549
-0.6827069
-1.4555600
0.6271630
-0.1310553
0.8377818
0.0012766
0.5214697
-0.2759974
0.2829523
-0.7030963
-0.0805362
0.3903898
0.7585800
0.6738513
-0.3597847
-0.2536451
-0.3957482
-0.7228891
-1.0206848
-1.4124603
-0.2959629
-0.2744923
0.7498665
-1.3595820
0.5410992
0.4867706
-0.3672868
-1.4649454
0.7970249
0.5570901
-1.1389246
0.7234510
-1.4692595
-0.2128152
0.8360681
1.9032361
0.0385321
-0.1886421
-0.0011228
-0.3663453
-1.4640990
2.0401248
-0.0159236
0.2098805
1.0028437
-0.1297199
0.0546063
0.0293741
1.8960189
0.8269605
-0.0487165
0.7503108
-0.3508059
-0.3461132
-0.2971878
-1.4737496
2.0848078
-0.2133984
-0.2963774
0.3236408
0.6485128
0.8349941
0.0195144
-0.3526771
-1.2009050
0.0522705
-0.0632018
-0.1642852
0.0557443
-0.0463486
-0.1119298
0.5483853
-0.3012797
-0.2862126
-0.3709438
-0.0706065
1.4408515
-0.3282382
-0.2226779
-0.3664450
0.0577575
-0.3568912
-0.1980327
-1.2608133
0.8148818
-1.4181529
0.5434983
0.8348254
-0.2614522
-1.4408369
0.8306367
0.5141713
-1.4636242
-0.2701587
-0.3489926
-1.4617960
0.0430539
-0.5556350
-0.2265935
-0.7040843
0.0179022
-0.0525765
0.0604830
0.7185669
0.4230115
0.7717858
-0.3261206
0.0235446
-0.6272209
0.5971454
-1.2675594
0.8338645
0.0290689
0.5454347
0.8101654
-0.0071013
0.5191751
0.1128658
-0.1011221
0.4357691
-0.1972004
1.6464411
0.0490073
-0.2518385
1.8463903
0.0555797
0.3400716
0.1804117
0.0557444
1.2839581
0.0551272
-1.2128884
0.7946544
0.2991136
1.8219417
0.5222609
-1.3793380
1.8262457
0.7837840
0.0409777
0.6451153
0.2007150
0.1582603
-0.5702281
0.1956083
-0.0024260
-0.3695942
0.0556607
-0.7979453
0.8092635
-1.2612772
0.6208286
-1.2148534
0.3522998
-0.0352351
0.0089103
-1.3583115
-0.1715951
0.1919070
-1.2477425
0.3196435
0.4009313
0.0097368
1.2647068
-0.0937590
1.9005792
-0.1110489
2.3008700
0.8300896
-0.0476587
1.6579406
-1.4736026
0.6927812
0.7129454
0.8320379
0.7650277
0.2200244
0.5682240
-0.8740042
0.7223170
0.3312790
0.4506404
-0.2758426
-0.1427181
-0.2343538
-0.8216316
-0.3259357
0.6391218
0.0185222
2.2987755
-0.9263653
0.0374832
0.7720709
-0.3701751
0.0220083
-0.3470057
0.0557433
1.7230993
-0.3352772
0.2123620
-0.2565069
-0.9150883
-0.1554232
-1.0756828
0.4645285
0.3195518
-0.3424590
0.0529673
0.0387860
-0.0584084
-0.1884890
-1.3570523
-0.4351722
2.1984861
-0.1929570
0.7602346
0.1535584
1.7775106
0.0143555
-1.0821629
0.0514047
0.3553941
-0.3684751
0.0431063
0.7915847
-0.3730108
-0.2105664
1.0160908
-0.2709774
0.0587933
0.5645651
0.8268820
0.9775300
-0.0594103
-1.4722724
0.8330290
0.7477353
-1.4579624
0.0171348
-0.1237184
0.0524497
-0.3703751
-0.3707997
-0.3647379
1.9022840
-0.6802125
0.0539231
-1.0038208
0.5148023
0.0002147
-0.9764243
0.3207564
-0.0718572
2.1457375
0.8358842
0.0504011
0.0493026
-0.0097215
0.0532686
-1.3613214
-0.1642720
-0.2470919
0.4576204
-1.3886107
-1.2428144
0.5466696
-1.4613883
-0.2225277
0.0215991
0.0557374
-1.4453138
-0.0457727
0.8353642
2.2819614
-0.8795477
0.6465292
-0.0294589
-1.4185393
-0.2933891
1.8850856
0.7970885
0.0012396
-0.3313100
-0.2693543
-1.1987452
0.0401849
0.0322354
0.0037441
-0.4682353
0.0135794
0.1992224
-1.3655578
0.0331630
-1.0224282
-0.9548700
-0.0919266
0.0461866
-0.9112287
-1.1673458
0.0542109
-0.1495780
0.0602701
-0.0393674
0.0222397
-1.4298054
0.5111335
0.3692930
0.6056763
0.0483754
-0.0196064
-0.2108360
-1.2747750
-1.3715753
0.8094617
-0.3266230
-0.0067449
2.0753238
-0.3497527
0.1352216
-1.1507601
-0.0332716
0.0998200
0.8330215
-1.3569389
0.4531394
0.0616676
0.0535077
-0.2373039
0.8318510
-0.8040088
1.6031896
0.3360982
0.7602923
2.1574589
0.4174477
-1.0790296
0.3063974
1.0614656
2.1296266
-0.6499011
-1.4643782
-0.1493632
0.0079464
0.2870806
-0.0495320
2.3003019
0.4887908
-0.6921886
-0.3086235
0.7324555
1.1489226
0.7605631
-0.9752580
-0.2857201
-0.2159155
0.0373090
0.0534188
-1.2699620
0.6652145
0.0488748
-1.4516646
-0.1231529
0.7310884
2.2529233
-0.8778857
-0.1055954
-0.3673095
0.0547029
-0.1108457
-0.3710308
0.0191482
-0.3181098
0.4046567
0.0571387
0.7020020
-0.0766298
0.0323573
-0.9016514
0.7763142
0.0211503
-0.7879734
-0.4952791
-0.2240666
0.0182772
0.0321959
-0.2984891
-0.3129728
0.0165476
-0.1400219
0.4565305
0.8651412
0.6347983
0.9767898
0.8275089
0.5773127
-0.2114294
1.5247457
0.2938477
0.0156424
0.8375078
-0.2002736
0.7319472
-1.1725941
-1.3251342
0.0229367
0.5435597
-0.8562595
0.6968409
-0.3227075
2.0285122
-0.0161724
-0.2861138
-0.3680533
-1.3702948
-1.3674462
-0.0421497
1.4123075
-0.1975995
-1.3310491
-0.3368448
0.0261049
-1.4249174
0.1905788
2.1681030
0.7677809
0.6646467
-0.6719300
0.0003213
0.0456867
-1.3415606
0.3342310
-0.2255417
-0.0046297
0.4366269
-0.3275900
0.6660779
0.7216496
-0.6399812
-1.4354262
-0.1303443
0.0415205
2.2943262
-0.2364725
-1.4683349
0.0057074
1.5217427
-0.3527626
0.0088895
0.1497295
1.6225723
0.0143765
0.0549791
0.0536547
-0.8286263
-0.4018549
-0.3425563
-0.2509760
0.0199796
-1.2947684
-1.4739934
1.0684834
-0.3686726
0.0088893
-0.6863951
0.7912534
-0.7855499
0.8042279
0.4092043
-0.0270698
-0.7867479
-1.2276453
0.0355841
0.3765519
-0.3059634
1.8174845
0.7127664
2.2687394
-0.3123113
0.8119812
-1.4507979
-1.4114302
-0.3601600
-1.0417967
-1.4260972
-0.2186116
-1.3869420
-0.2073172
-0.0368575
0.0423115
0.6118086
2.1784304
-0.2439683
-0.9303687
-0.2391867
0.1150525
0.8071618
0.0116177
1.5470669
-1.0467440
-0.2704392
0.5059315
0.6029605
-0.5754500
-0.8213971
0.0552901
0.0257871
-1.4737097
-0.0876403
0.3720850
2.3094430
0.8377673
-1.2266152
0.0136622
0.6334201
-0.3655978
-1.1021199
1.6761640
2.0065301
0.0484975
0.0556780
0.0282300
0.0557491
1.0683709
-0.0331018
-1.4721838
-0.4010355
-0.1407304
0.0327333
-1.4671454
0.0075042
0.9374429
0.1425989
-0.2305180
-0.1098929
0.0522606
-0.0521782
2.1521264
0.3371866
0.4788389
-0.1257771
-1.4443467
0.0505906
-0.1552609
-0.3498906
0.0553647
-1.1181326
2.2030753
0.8116845
-0.1862991
-0.2357088
0.0548136
-0.1518970
-0.2002165
2.2239884
-1.4310742
0.3850821
-0.3131606
0.0412992
-0.2786044
0.3951313
0.5937302
0.1323552
0.8108651
-0.1739498
0.4207167
0.8303603
0.0555948
0.0245437
-0.8325799
0.3278038
-1.3907674
-1.0326057
0.8293255
0.5228483
-0.2542002
-1.4017290
1.7357476
-1.1094324
1.5187416
-0.0912857
1.0289453
-0.3316496
0.0499756
0.5446776
0.6642271
-1.4715053
-0.1906842
-0.2716515
-0.1061321
-0.9471555
-0.1502701
0.3857261
-0.1683633
1.9449188
0.5162764
0.2781156
0.2025136
-1.3000901
-0.1633997
-0.2510047
0.7831129
-0.3365680
0.0376014
0.0550567
-0.3688164
0.1927291
-1.4435568
-1.1533493
0.0032335
-0.0727022
1.5272318
-0.3487039
-0.2624869
-0.2334572
-0.0218805
-0.7451773
1.3439733
-0.6732182
0.2754244
0.4930378
-0.7695986
-1.4527378
-0.3503184
-0.1965093
-1.4091331
-0.2834566
0.9776031
0.0108047
-1.2507274
-0.3710177
1.5798209
-0.3198693
0.4745475
-0.3543650
-0.6165570
0.0438069
-0.0368059
0.2526312
-0.3709083
0.8312755
-0.1794149
-1.3877656
0.0511519
0.2950966
-0.0797842
0.5235566
0.7430057
0.0231557
0.7608971
0.0357819
0.0525668
0.8255312
-1.1336723
-0.3582954
-1.0992797
0.3502575
-0.1283771
0.7153335
-0.4836300
0.0068149
-0.1824436
0.1445694
-0.0342329
0.5511301
-0.2969023
-0.3739991
0.8316187
0.1431851
-0.3161503
0.7819927
-0.1808066
0.3388721
-0.3276128
-1.3615276
0.5127183
0.7777816
-0.3423056
0.7555611
-0.7236207
-1.1653155
-0.3968356
-1.3301754
-1.2907050
-0.3563160
-0.3709651
-1.3811059
-0.3709700
2.2566836
0.3715531
-1.0381661
-0.2746771
-0.1957639
2.0081688
0.7446982
-1.4678374
0.6172344
0.2075621
0.6522499
-0.0263511
0.4915834
0.9602731
-0.1725647
-0.1572494
0.2107382
2.0059977
-0.1107028
-1.2394228
1.7442946
0.0891248
2.1809428
0.5468675
-0.5681640
-0.3324616
-0.3710222
-0.9739452
0.2104578
0.1507739
-1.2992090
-0.3240427
0.8548089
0.8217661
-1.3650153
2.1886879
2.0901999
2.1859109
0.1036109
0.7326336
0.8273891
-0.3381312
-0.2059096
-0.3685467
0.1531612
-0.3682980
-1.2348397
0.0384505
0.7285685
1.4982923
-0.8169847
0.1502169
0.0409825
0.1203328
0.4167940
0.0557482
2.2850138
-1.4703812
0.0345380
-0.3497975
0.5080170
-0.3030079
0.0400888
0.0305847
-0.3679110
0.5512158
-0.0457542
-0.6754112
-0.1577243
-0.2023572
0.6332545
-0.0933114
0.3719523
-1.4539736
0.1957918
-1.2753251
2.2981280
0.3264822
-1.2017017
0.0185594
-0.7565162
0.4913173
2.2795967
0.8480067
-0.3149369
0.3580327
0.0000002
0.0973110
-0.3253184
0.0516507
0.6091552
-1.0842117
0.8242052
0.6353335
0.0289527
-0.1447066
0.0553177
0.4933027
2.3016540
0.0282918
-0.9810946
-0.3701165
-0.6524633
-0.7253835
0.3352135
0.4537816
-0.0384813
0.0475401
-0.2381714
-0.2879864
0.5212931
0.0140694
-0.2973107
0.6312274
-1.3665420
0.6338883
0.7360587
0.6271427
-0.5212465
0.5972115
0.1423661
-0.3204394
0.0093776
0.4183414
-1.1235775
1.8380960
-0.0122293
0.6766876
0.0352105
-0.0905803
-1.4216082
0.0493567
0.5128596
0.4943004
0.0500784
-0.3176879
-1.4083095
0.0258638
-1.3961188
0.4199346
1.9822429
2.3063864
-0.2659675
0.8220227
0.3261509
0.0153819
0.6223773
1.6094302
0.0200081
-0.9314411
-0.1185223
-0.0210721
0.0008636
0.6554189
-0.0337465
0.2405484
-0.5929165
-0.2346484
-0.3653473
-0.3023106
-0.2947722
0.6716276
-0.0679765
-0.2422375
0.0557255
0.5352666
0.7960084
0.2120469
-0.7073603
0.0632836
-1.4056330
-1.2213852
-0.3646917
-0.5256031
-0.2650397
0.0292957
-1.1948888
-0.0294653
1.4239274
-0.3624784
-0.9742927
0.7128338
-0.3038392
0.0188357
-0.2106836
0.0513864
-0.1435857
-0.1993161
-0.1217747
-1.1171477
-1.0986814
0.7238568
-0.3331855
0.0269056
-1.3334140
0.2266836
1.7029166
-1.4681637
0.7635292
0.4237827
-0.4106229
0.0556854
-0.3155137
1.0373259
0.0187226
-0.0715127
-0.2928349
0.0358927
1.6469091
0.3621132
-0.6295893
-0.2844899
1.6141199
-1.4545943
0.8299039
1.5071030
-0.1653999
0.0549465
-1.4425780
-1.4506136
-0.3026454
1.8351827
0.7475977
0.2312003
0.0404155
1.9828209
0.7557597
-1.3565690
0.7766421
0.0202141
0.8305087
-0.2867745
0.0357752
0.0547557
0.7779853
0.1926201
-0.3644539
1.4638777
0.2980024
0.0025504
-0.3125231
-0.0110821
-0.5032536
0.0557153
0.5848567
-0.2344732
-0.3706576
0.0010598
0.2195287
1.8026936
-0.3011206
0.7579016
-0.1551648
0.0553139
0.4546238
0.0627987
0.1298911
-0.3554925
-0.0353439
-0.5032029
-0.3706924
-1.4625149
0.0226412
0.7175696
0.2532640
-1.4021552
0.7176323
-0.1968753
0.8367600
-0.3557794
0.0899928
-1.1336832
0.0557094
-1.4631959
0.5471749
-0.4950151
-0.0331755
1.5619555
-0.3147398
0.8375864
0.0025067
0.0404128
-1.2265998
-0.1730966
0.6183771
2.2918491
2.2603709
0.6952982
-0.1147477
-1.4716920
-0.6314569
-0.1410852
0.3572634
-0.2956889
0.0511893
-1.3828465
-0.0371613
-0.0017889
2.2413157
0.0414081
-0.0617397
-0.3198775
-0.3267405
0.0038408
-0.3474488
-0.2855929
-0.0512251
0.6288241
0.0377445
-1.0176388
-0.0870104
0.0341795
0.0022862
0.0984244
0.0839172
-1.3086846
-0.1388821
0.7076901
-1.4545955
0.7423131
-0.2326837
-1.3021683
-0.1851504
0.1646504
0.0366525
0.0148009
1.2040556
0.0031150
0.0230925
0.0430612
0.0494944
2.1307521
-0.7753373
-1.2973497
-0.0382867
-0.1298545
0.6426402
-1.1761575
0.0440840
-1.4426040
0.0506165
-0.6357908
-1.3444266
0.0530475
-1.4143205
-0.0483773
0.0837963
0.8189478
-0.3350731
0.1409618
-0.0620585
0.8363636
0.0102941
-0.5355002
0.0230476
0.0895345
0.0530312
0.0352122
0.4191774
-0.8175903
0.8340589
0.8364279
-0.2702265
0.0321127
0.0471059
-0.1278842
0.5536928
2.2830549
-1.3394510
0.3199590
0.2095598
0.2237893
1.0221747
-0.3185383
-0.2976086
0.7393523
-0.3532417
0.8379469
-1.0168064
0.1097022
-0.0037387
0.0557138
-1.4078191
0.0526199
-0.1963790
0.2458943
-0.1317456
-0.0298909
-0.3598997
-0.0552548
-1.4086861
2.1961072
2.1834838
0.2938665
-0.1009140
-0.2823516
0.4118469
0.0380576
-0.0590957
0.5740997
0.6738821
-0.1662177
-0.1895552
-1.2861190
-0.2461678
-0.1415866
-0.8031630
-0.3678680
0.3346559
0.7147447
-0.2821670
-0.0327181
0.8325891
0.7179393
0.1837371
0.6828491
0.6645832
1.5993475
-0.1673550
1.6687890
-1.0136235
-1.0999433
0.4122417
2.2114974
0.0186392
0.0099625
-0.3698927
-0.3231190
1.4142092
-0.2628952
-0.3307538
-1.2175286
1.2972733
-0.1473792
-1.4731266
0.0557494
0.0855617
-0.2966754
0.4590478
0.0229819
2.0351252
-0.3572424
0.0016094
0.2123461
0.9302029
0.6909789
-0.6664404
0.7938359
-0.2779611
-0.1284440
0.8207198
-0.4010112
0.7482719
-0.3663476
1.2026592
-0.6466643
-0.3367540
-0.9454655
1.6178547
-0.0705461
1.7957300
-0.3469002
2.0188777
-1.4738514
-0.2799639
0.0381153
-0.1213036
0.1340228
-0.2827833
1.9654012
0.0190422
0.6977567
2.0346203
0.4101535
0.3402397
-1.0661994
0.2736196
-1.4632744
2.0976494
-0.3621146
-0.1689739
1.5294870
-0.2827469
-0.2042591
0.0475800
-0.3504575
-0.1141080
-0.3709883
-0.2730032
-1.0340787
-0.3645073
-0.2045537
0.5657336
-0.2829651
-0.0373687
-0.7115561
-1.3948679
0.9229336
0.5507484
1.9961981
1.6738542
0.8867066
0.0554940
-0.0017671
-1.3002911
-0.2761562
-1.2986841
1.4531745
1.6965826
0.0335382
0.0392625
-1.4697787
0.3645024
0.0548388
-0.2570193
-0.3477905
-1.4723262
-0.3930779
-1.3519869
-0.3605243
0.5673308
-1.3792514
0.0412833
0.8294006
1.1512037
0.7901370
0.3158746
-0.0157157
0.8334384
-0.2448881
0.0484931
-0.7903624
-1.1538171
-0.2185463
-1.4144751
0.6281584
-0.1075526
0.5863078
-1.3877818
-0.1015659
-0.4756055
0.5488913
0.0528408
0.8454140
-0.1001520
0.7955143
0.1488952
2.2217853
0.8124409
-1.3017134
-0.0370730
0.0239854
-1.4580142
0.5540437
2.2173228
-0.2647038
-0.5271007
0.4701480
0.0137966
0.1696483
-0.1927029
-0.2687385
0.6698636
0.4842182
0.1714114
-0.1195322
0.7784680
0.0026663
0.8318399
-0.3395136
-1.3135760
-0.4278845
-0.3578884
-0.2135788
-0.2139870
-1.4156207
0.4249676
-0.1938377
-1.4721049
1.8532355
0.0551799
0.6702692
-0.7946072
-0.3467869
0.7431571
0.2063179
-0.1783982
-0.8441277
0.2374019
-1.3958551
1.1116651
-1.4695011
0.8122168
-1.4548231
-0.2549291
0.0424845
-0.1379477
1.5901325
-0.1230997
-1.2102228
-1.4740258
0.8284368
-0.3619879
-0.3204764
-1.1247959
0.6491505
0.5039276
-1.0990513
0.0555575
-1.3313754
0.3548765
-0.3597111
0.2111199
-0.1682277
-0.4676619
0.6888459
-0.4641141
0.0497617
-1.1998454
-1.1089810
0.5292900
0.1345781
-0.7398981
-1.4443942
-0.3685958
0.1501341
-0.0119224
-1.3704018
-0.1416721
0.1682319
0.0378785
0.7296213
-0.3479920
0.7550560
1.0627366
-0.5821745
1.2776213
0.0537661
-0.2326533
-1.4107378
1.7540537
0.5511468
2.2090980
0.2805754
-0.1896979
0.0529710
-0.3707927
-0.3013629
0.0125096
-0.2416300
0.0543313
-1.0707561
0.8300638
-0.8488057
0.0445196
-0.2229513
-0.2408513
0.1993129
-0.6359566
-1.4375678
0.8368499
-0.3617790
1.4726280
-0.1945400
0.4220410
-0.0525355
-0.2115479
-0.3565919
1.4778215
-1.3288969
-0.5586800
-0.0160359
-0.1853806
0.0269841
2.1641633
0.8269049
-0.0703931
0.7418573
-0.3499308
-0.0308001
0.5382010
0.6052315
0.2211511
0.6424523
-1.4739191
0.7799741
-0.3505224
-1.4102258
-0.4829791
0.0424293
-0.1721550
-0.2012271
0.8255877
0.8016642
-0.3476111
-0.5724070
-0.2329355
-1.3939960
0.7011404
-1.4604683
0.2916160
-0.3305220
0.6955506
1.6679004
-0.8221893
-1.4498675
-0.0219433
-1.1002411
-0.1773793
0.8142665
0.6692235
0.0287490
0.8202231
-0.2093238
0.0273283
0.1040650
-1.3860526
0.7808468
-0.3314094
-0.2039531
0.0481691
-0.3551154
-1.0043180
-0.1216260
-0.5758421
-0.3514670
0.0546341
-0.0126536
-0.3699065
0.2233115
-0.4090066
0.6327123
0.0392142
-0.3338303
0.6891414
2.1743536
-0.4451586
0.6045261
-0.8852126
-0.2059770
0.8364291
-0.3402406
0.0377764
1.2502671
0.2687158
0.2503390
0.8224716
-0.3492075
1.5318402
2.1726871
0.4271859
-0.4824578
-1.2456309
-0.3576003
-0.0167398
0.4727882
-1.2823328
0.0247492
-0.1695784
-0.0371976
-0.0588526
-1.4485456
0.0464631
0.1858078
-1.4056440
0.1063004
0.0195641
1.0434238
-0.7789128
-0.4076464
-1.4481915
-0.3697506
0.5051222
0.0478915
-0.8345878
1.0311756
-0.0398614
-0.0931479
1.2973129
-1.4327502
0.5117108
-1.0768010
-0.6472929
0.2150059
0.8258754
0.0410797
0.0047292
-0.2916738
-0.1374178
-1.1728621
0.4397467
0.6717913
0.6951390
0.7387245
0.2508290
0.0094758
-1.4699750
0.4604227
0.4965825
-1.4260846
1.0637853
-0.2625451
0.6522596
-1.2012559
-1.4373918
0.2045415
-0.2898835
0.0556617
-1.4550484
-0.2775564
-0.9616194
-0.5524554
0.5737571
-0.3127222
-0.0068484
0.0355106
-0.3126548
0.0535415
-0.5868612
0.7533324
0.9129633
-1.4337605
0.5935280
0.8635837
-0.0326872
0.5410844
-0.3315515
0.1447047
0.0442144
-1.3923353
-0.1709173
0.0947598
-0.4248545
-0.1896118
0.1480117
-1.1076514
-0.0560422
0.0549205
-0.2955085
-0.5923986
0.0176411
-0.3184678
0.4775075
-0.3168830
-0.3395734
0.0508933
1.7100322
0.0208762
-0.3349184
0.1412384
1.1644143
-0.3559157
-0.7882706
-0.0356170
0.6081250
-0.1438343
-1.4182788
0.3115836
-1.1050808
0.0296551
-0.3605158
-0.1703783
0.2257387
-0.3875581
0.0291521
0.0550389
-0.1914086
0.0858579
-0.2087058
0.3843551
-0.2269370
-0.9661461
0.0462414
2.0054071
0.5024054
0.8193101
0.8054532
-0.3612030
-0.8869891
-0.2677262
-1.0354377
0.7681961
2.2112586
2.1733135
0.4793157
-0.0690567
0.0534225
0.3672460
0.1356217
-1.1462033
-1.4498445
-0.1344066
-0.0564716
0.0555522
-0.0238958
-0.1716536
-0.3516592
-0.0257736
0.7078393
1.9749232
1.3999265
1.5785750
0.8363086
0.8087975
-1.3948655
-1.4385587
0.0531730
-1.0918427
-0.3536031
-0.3618938
1.8066719
-1.3854420
0.4662891
-0.3188813
-0.3442431
0.8000453
-0.0932799
0.4326722
0.4652846
0.0445852
0.8134570
0.7329700
0.0285393
0.0282779
0.5310076
0.1142691
-0.9167191
-1.2457296
0.2759040
0.3857825
2.1252091
0.5928786
-0.0916378
0.8345248
-0.3618276
1.9633561
-0.3161767
1.7864987
0.8253900
1.4916496
0.4900586
-0.3563523
-0.1570414
0.0557460
0.0379141
-1.3760565
1.5876329
0.6322824
-1.4739473
2.3103807
-0.6756578
0.0427447
-0.3702573
1.3094885
0.3716746
0.0288696
0.4019908
-0.2514308
0.7693815
0.0535653
-0.2720000
0.6497579
2.1213053
0.0382837
0.0069982
-0.1121309
-0.3333689
-0.2004884
0.0051108
-0.3221484
0.7512369
1.6370745
0.6925940
-0.3201840
0.4348571
-1.3739617
0.0376413
0.0545248
-0.3647867
0.0376038
-0.3282053
2.2723685
1.5127086
0.1101712
0.5606481
0.0188220
0.0344869
1.3505384
-0.3354636
-0.3507390
-0.3281203
-1.4590526
0.6113974
0.0051734
0.8717629
0.0866823
-1.2860619
0.7776206
0.0272302
0.0344727
-0.1475412
-0.3390656
0.1949640
0.4632253
0.0536513
-0.0220154
0.5928072
-0.0515610
0.8369467
-0.3704983
-1.1349989
0.0372909
-0.4623100
-0.9613871
-1.2247775
-0.2748216
-0.2766573
0.6446794
-0.2729653
-0.2230829
-0.2585262
0.8284719
0.0149017
-0.1778400
-0.3079221
0.2060562
-0.3562610
0.0533368
-1.2710322
1.8726464
-1.1713335
0.7041564
-0.0925259
1.3095882
-0.8940541
0.4606100
0.5828745
-1.4690792
0.5917299
-0.1415237
0.0532644
-0.4225258
0.0240042
-0.1552489
0.5273563
-0.3187888
-1.3787959
0.0114461
0.4607650
0.1799167
0.6328776
-0.0288289
0.8374426
0.0633422
-0.3697935
0.2081673
-1.4238287
-0.2941174
-0.1793396
0.0487102
-0.2526031
-0.2447063
-0.0208480
0.3510938
0.0094694
-0.1255675
-1.4630463
-1.1409955
1.5488482
1.0428441
0.0451708
0.5306488
-1.3802108
0.8348883
-0.0943328
-0.1479939
0.0349032
0.8226716
-0.0905454
-0.1320590
0.0472282
-0.0776844
-1.3032116
0.4755620
0.7408762
0.7613493
0.8203447
0.0641557
0.0503764
-0.0391929
2.1948575
0.0063563
0.0093482
-0.7882767
-1.4660855
0.8360347
2.2696891
-0.2072163
-0.9460810
-1.4476866
-1.1305068
-1.4607703
-0.2791293
-0.2054663
-0.1698611
-0.1547028
-0.3023303
0.0125929
0.8161327
-1.3508700
2.3101621
1.1301967
-1.2501218
0.0182265
2.2972421
0.8338098
-0.3408202
0.4278825
0.3146927
-0.1690558
-0.0316759
-0.3251386
-0.3707642
-1.4733829
-1.4020545
-1.4281272
1.3512442
-0.2008870
0.4211330
-0.0833073
-1.4130596
0.8145252
0.7980208
1.0389852
2.1825417
0.1358169
0.2275283
0.0294615
-1.3098666
-1.3050990
0.8078572
-1.4274116
0.8320173
-0.1359699
-0.2470788
1.0767973
0.8380072
-0.7262774
-1.1967387
-1.4043149
0.2466533
-1.2206209
0.0539205
0.1564491
0.8037255
0.6863478
-0.4648716
0.0556129
-0.9874853
-0.3654851
-1.4425081
0.8337164
-0.3682137
-0.0659757
2.1988185
-1.1421861
-0.2707280
0.0095950
0.6196558
0.2159330
-0.3709298
-0.0094187
0.2501826
-0.3680927
0.7341426
0.0031731
-1.0117147
-0.0974728
0.3566171
0.4059609
-0.0837837
-0.6824885
-1.3594051
0.8364921
0.6209454
0.7997238
0.5367420
2.0423687
-0.1705637
-1.3935836
-0.7282105
0.6018918
0.0060175
0.1595522
-1.2957052
0.8312186
-0.7399975
0.0391010
0.6650833
-0.3640051
0.1523887
0.0270936
0.5646551
0.3510655
-1.4724655
-0.4575793
0.7887412
-0.3450818
0.0463200
-0.3062709
-0.1960867
0.7258137
-1.3554546
-1.3435986
0.0557236
-0.2754725
-1.3443407
0.3014470
-0.1905256
0.5365744
0.4321689
-0.3639468
2.0100064
0.6127833
0.7116536
-0.3704058
-0.7510426
-0.1057552
1.8019907
0.6890694
0.2859933
0.0011157
-1.2855686
0.4844004
0.8348070
1.9491919
1.1846640
0.5973994
-0.2030610
0.6918917
-0.3263311
0.2923056
-0.3488303
0.3716596
-0.1271464
1.3154032
-1.4739762
-1.3125342
0.0337185
-0.3088484
-0.0421800
0.1815195
0.8198798
0.8195399
-0.2937644
0.8378037
0.4950931
0.6058803
0.4940947
0.3842815
-1.1987212
-0.4363034
-0.0211451
0.5641036
-0.8406777
0.0813816
-0.0930650
-1.1408204
1.9108433
-0.3664125
0.1400418
2.3020788
-0.3629347
-0.6309880
-1.4446377
-0.2034620
-1.3149803
-0.3504005
-0.1936448
-0.2788013
-0.1313377
0.0788388
-0.8604355
-0.0457755
-0.0629316
0.0506100
0.6326797
-1.4136082
-0.3567420
0.0462078
0.1574784
-1.0390326
0.8069492
-1.2212638
0.4286493
-1.4730962
-1.4597678
-1.3381094
1.3718590
0.0179015
-0.5392535
0.0035894
-0.2229013
-0.2667524
-0.2271498
-1.3288105
-1.0484092
-0.2250898
-1.3187340
0.9576308
-0.1523302
-0.0034326
0.9221574
0.8101879
-0.3557999
0.0553261
-0.1102724
-0.1401676
-0.3237560
0.8379672
-0.5055303
0.0542843
-0.6286871
0.0516516
-0.4096573
0.8251739
-0.2403736
0.5517883
0.5642034
-0.3664962
-1.1582656
0.0417826
0.0549258
0.0400659
1.4078783
-1.2347370
0.2900336
0.6161065
0.1173061
-0.2041266
-0.1787080
-0.2840351
-0.2889585
-1.1176200
0.5997951
-0.0303446
0.0500180
0.0334253
0.0263519
-0.6425158
-0.6179434
0.8255871
0.7516996
0.0708949
-1.0581684
-0.4093542
1.9326288
0.5380442
-0.3605260
-0.0019309
0.0326008
-0.3446996
0.5649651
-1.4524277
-0.3510729
0.0540781
-0.1129014
-0.1045900
0.7193558
0.6894600
-0.1599246
-0.7973720
0.0547211
2.2395904
-0.1449616
0.0141632
-0.2291781
1.8977408
-0.3478008
-0.0882882
0.8103514
0.6788645
-0.1675564
-0.6740975
0.0557451
0.6740804
-0.3382383
0.0458529
0.5089704
1.8792213
0.8068432
0.1615275
0.6690204
0.3577175
-0.1300957
-0.0963038
-0.3690008
0.3634099
0.0380878
0.7013726
-1.3989929
2.1799911
-0.0706887
0.0511405
-0.3513583
0.5767981
-0.0828695
0.8154953
-1.3786780
-0.2473213
0.1547528
0.0075899
-0.3566636
0.6010659
-0.3450526
-1.4655783
-0.8608898
0.0124407
1.7622870
-1.3965979
0.7662630
-0.2402541
0.3535827
-0.1293946
0.0449528
-0.7787776
0.8281492
2.2679785
2.2425374
-0.0787003
-1.3954829
-1.4097598
0.6951569
1.3693931
-0.0909437
0.0129395
0.8344632
-1.0507233
-1.3190520
-1.0330294
-0.3078725
0.0535433
0.7623231
2.2893005
0.7206865
-0.0898928
-0.1537076
0.7808971
0.4926905
-1.4608856
0.0006786
0.6717708
-0.2251826
2.3030637
-0.2727601
0.0535285
-0.0251549
2.2000561
0.0429397
-0.6385638
-0.0207019
0.0282705
0.2818848
-0.7464301
-1.4511729
-0.2404751
-1.2390848
-0.0993990
0.0188778
-0.2727849
-0.7790426
0.8279957
-0.1345861
-0.2586821
-0.8236564
-0.0139219
-0.1716847
0.0901453
-0.0057657
-0.9538818
-1.3453410
0.0345152
-1.4247823
-0.9630444
-0.3028123
0.6820096
-0.0638193
-0.3620339
0.0548974
-0.2325747
0.8016596
1.9190643
-1.2420118
0.8379587
-0.1601234
0.8400220
-0.3057002
0.2521019
-1.0553791
0.0522838
-1.4735918
-0.3145808
-1.4536518
0.7247195
-0.3710305
0.9004280
-0.2454877
0.0293513
-1.1401698
-0.1529067
0.0188124
-1.4600588
0.2040236
-0.5028511
-0.3459973
-1.0326173
0.6483119
0.0494305
0.5231593
-1.0761089
0.6958238
0.8272282
-0.0720358
-1.3574753
2.2910860
0.8177185
-0.2813989
-0.0412011
-0.1027210
-0.8433522
-0.3570626
-0.3265865
0.7679661
-0.1424615
2.0341028
2.0776227
0.0125463
0.7236642
0.8295967
0.6193674
-0.0140059
-0.0261564
-0.2638407
0.5203029
-0.3783395
-0.7175315
-1.4387533
-1.4469876
-1.0372948
0.0715500
0.5509351
-0.2101485
-0.6293781
-0.1822435
-1.3298142
-0.3484200
-0.3135357
-0.1113790
1.6736125
0.0524952
0.2836885
0.0515280
0.8198793
-0.3283753
-0.1287298
-0.1598130
0.0854496
0.0449477
2.2324941
-0.7021160
-1.1719593
-0.3671392
0.3311016
-1.1283365
0.0094934
-0.7994433
-0.2263619
0.0551046
-0.7601471
0.3257258
1.3012178
0.1790518
0.2916338
-0.3318564
-0.0809172
-0.3624461
2.1233524
-0.0647123
-0.1402644
0.4831997
0.4363307
0.7878155
-0.7161329
0.6788259
-0.2771880
0.0251288
0.5640260
-0.7710698
0.7043716
-1.4662609
2.2722943
-0.3651339
0.1258189
0.2930546
0.0154488
0.0383905
0.7185521
1.9256169
-0.2036205
-0.9600680
-0.3570956
-1.4636557
0.0019598
-0.3301107
-0.3700701
1.9273000
-0.1083988
-1.1437529
0.7312374
0.0330838
0.4884164
-1.1637307
0.1916768
-1.4468019
0.0243232
-1.0790063
0.0557429
1.2153098
0.0088839
0.0386801
0.0305548
-1.3713412
0.8352684
0.0533803
2.3105458
0.8068472
-1.0199911
-0.3087123
2.0953925
-1.3303715
-1.4056781
-0.2729340
-0.9384179
0.0555782
1.4239818
-1.4350809
0.4116279
0.8376887
0.0517432
-0.8464529
0.7123028
-0.9365262
-0.3677069
0.0510063
0.7899038
0.0505621
0.8155547
0.4932313
0.6870968
-1.2573607
-0.3664597
-0.2048709
-1.3628891
0.1292771
-0.3522725
0.0554752
0.0228119
-1.4738967
-0.1164577
-1.1705154
0.0544105
0.0449692
0.8367040
-0.2234536
1.5463987
0.3252269
-0.0328396
0.8313054
0.3934821
0.0498691
-0.9106737
0.0547448
-1.4554603
1.8483841
-0.3668320
-1.3870559
0.4707662
-0.4396807
-0.3250597
0.4570283
-0.0142966
0.0282748
-1.4671604
-0.1274616
-0.3520074
-0.1740687
0.2034250
0.0065255
0.8215171
-0.3059480
0.2400207
0.0464904
-0.7334296
-0.7970493
0.7078657
-0.2794985
-0.1386767
0.0974992
-1.4730851
-1.3400766
0.2002913
0.0271623
0.8374469
-0.3231125
0.3276240
0.2826847
0.8212613
-1.3033995
-0.1569483
-0.3238069
-0.1336071
0.0372764
0.0919645
-0.1578032
0.0832442
-1.1740832
-1.0728320
0.0557396
-0.3424774
0.6933177
0.0198998
0.8029107
0.0505198
0.8374362
0.0219629
0.3442121
0.0129902
0.5125260
0.6184074
-0.2422503
-0.3690222
-1.3735246
0.0149306
-0.1895651
0.8339713
0.1190884
-0.0397769
1.8418297
-0.0133129
2.1665352
-0.2261303
0.7326354
0.0543429
-0.2073952
1.0129523
0.2057639
0.1334180
0.0155520
-0.3684834
-1.3894404
-0.0400880
2.0417674
-0.3639291
-1.4376941
0.6143251
0.0374294
0.8158370
-0.0701012
0.3307257
0.5025882
0.0206579
0.3505446
0.1201194
0.6878171
0.0019247
-0.2536272
1.3958882
-0.2144223
0.7908832
0.0239928
-0.6485927
2.1350878
0.0527642
-1.4056084
-0.0675959
0.8193205
0.7901166
0.0362095
-0.2173583
1.7143920
0.8213129
-0.5313776
-0.1956014
0.1804244
0.0145958
-0.3352031
0.7109129
-0.0661021
0.0048406
-0.1631558
-0.3359407
0.8330749
0.0241501
0.0232852
0.0539943
0.0489897
-0.0151648
-0.1672529
0.2101323
0.0471115
-1.3343256
-1.4606537
0.0429301
0.6962983
0.3584078
0.8374693
0.3594151
-0.1358214
-0.8262954
-0.7859728
-0.6916828
0.5481709
-0.0853019
-0.1130734
-0.2036905
-0.9073894
0.8029994
0.7692812
0.0434731
0.8342336
0.0461978
-0.0124372
0.6991953
0.5365347
-0.3345881
-0.9138587
0.8857250
0.0514866
0.8175177
1.3435032
0.0716215
0.6905214
0.4234202
-0.2191369
0.7089498
0.0288780
0.5620873
-1.3948264
0.3194243
-0.8104545
1.8105710
-0.3428335
0.3789366
0.0022978
-0.1880012
-1.4594418
0.6478654
-1.4033918
0.8342446
-0.2573722
-0.7811673
0.0419017
-0.7169380
0.8067923
0.1849121
-0.2564547
0.4243263
1.5217114
-0.9814896
-1.4434317
0.0543092
0.1080388
-1.4567051
-0.3709531
0.0201419
0.6272587
-0.0135116
0.5771739
0.2306928
-0.8746042
0.0366706
0.0557045
-0.3122075
0.0286069
0.1832724
-0.2098726
2.0500646
-0.7866337
1.0069850
0.4302079
-0.1200329
0.0720084
0.0456057
-1.2712674
-0.0808678
0.5806304
-1.3255039
0.2700902
2.2605350
0.1696179
-1.4388991
-0.3368486
2.2923838
0.8244082
-1.4021971
-0.6360203
-0.9650862
-0.3071756
1.5742267
-0.3706337
2.2372407
-0.9454314
-0.6726143
-1.2329081
0.0038428
-0.3707324
-0.0282814
0.1988275
2.1894331
-1.4722097
-0.5514311
-0.5194842
-0.0630065
2.3090628
-0.0778324
0.0331333
0.0328982
-0.0987603
-1.4739147
0.0557429
-0.2377009
0.7859188
1.8709543
0.4002279
-0.1223496
-0.3545372
0.0472169
-0.7913783
0.7977845
-0.3466771
-0.2454138
0.0098384
0.5587937
0.0470178
-0.3174741
0.5856484
-1.0837594
-0.6348756
-1.2318903
0.4318143
0.0166098
0.3875779
-0.0897765
-0.0927659
0.0473788
2.2936841
0.2190455
-0.8019855
-0.2788774
-0.1080832
-0.0938505
0.0537003
0.1269793
-0.2939421
0.0298906
-0.6761637
-1.0275720
-0.0321829
-0.2142980
-0.1895445
0.5495460
-0.5912754
0.8377115
0.2839133
-0.4163113
-0.3068700
-1.0751213
-0.3578590
-0.1962756
0.0556690
-0.0565920
0.7899505
-0.3533979
-1.3828424
-0.0374910
0.0073117
1.1167655
0.0484148
0.6595513
0.0533276
-1.3126521
0.1563193
0.8139722
0.0548148
-1.0324335
-0.3646419
-0.0124202
2.2485608
-0.1755684
-1.3803443
0.0488709
-1.4733421
-0.0001620
-0.3695191
-0.7879329
0.0555697
-0.2042867
0.0121977
-0.3462007
1.2054914
-0.0955053
-0.3251682
0.0427889
-0.3710243
0.7026543
-0.3337884
0.5806823
0.6685427
0.8305102
0.0557111
-0.1159746
0.7437987
0.5254704
-0.7727826
0.0541925
-0.3544724
-0.1946392
-1.3548626
1.6654995
-1.0550910
-0.1298848
-0.3453901
0.0360430
0.0325173
-0.7770088
0.8322035
0.2909794
-0.2745093
0.3226257
-0.3367861
0.0515620
0.7398982
1.6253308
0.0085957
0.0533861
0.0553090
-0.8546195
-1.1597120
0.0421300
0.7394910
-0.2849023
0.2093206
-0.3701384
-0.2771283
1.3806912
0.6410208
0.0278058
0.6533844
1.4728477
-0.8678764
0.4136387
-0.0487983
0.7456756
-0.2644746
0.0556967
0.5625468
-1.3745098
-1.4058890
0.7550656
-0.2045484
-0.3709596
0.8454526
-0.8866498
-0.1483310
-0.0590224
-0.2063269
0.0513659
-0.0889966
-0.1484761
0.2698818
-0.3400721
-0.7488362
0.0223525
2.2103548
-0.1574297
-0.1336856
0.0320358
2.1239418
0.5429691
0.8215877
0.5998310
0.0557494
0.6319727
-1.3831574
-0.2063433
-0.4461638
-0.8987948
0.0545621
-0.0832049
0.0368745
0.0107742
-0.0745672
0.0499894
-0.0443565
-0.0112128
-1.4536738
-0.0001624
0.8002380
0.0899002
0.5314793
0.0506297
-0.4605356
-0.0088495
1.2417044
-1.3431512
-1.2388532
-0.0860208
0.3945324
0.2486353
0.7192967
-0.9866832
-0.0550065
-0.0747342
-0.3253223
0.5973265
-1.4670505
-0.3365780
2.1953398
-0.1277299
-0.1325074
-0.0497317
-0.4731563
-1.0822396
0.0493382
-0.0753138
-0.3620567
-0.7608259
-0.0588346
0.0141694
-0.0434573
0.6363246
-0.1710298
-1.1639914
-1.1431369
-1.2969998
0.0741085
-0.1240325
0.4472019
0.2392698
0.2634162
0.8367392
-0.6910532
-0.7718967
0.3064677
2.2836367
-0.3704909
-1.4273415
0.0555724
-0.5813261
1.8833849
-0.0008406
-1.4049739
-0.0198703
1.2818477
-0.3793693
-0.0850625
0.8526919
-0.2012426
-1.3901868
2.3098616
0.0555892
-0.7066506
-0.0248732
2.0265927
-0.5693212
0.0274612
0.7687117
0.0488924
-0.3554595
-1.3426073
-0.5185705
0.7782113
0.4032062
0.8054259
0.0548795
-0.1109873
0.1032366
-0.4236975
1.9447676
-1.2524934
0.2737494
0.6593015
-0.7357759
-1.1132149
1.0943409
0.7419834
0.2397923
0.0557197
0.0498115
0.0442508
-1.4732926
0.9162399
0.1255582
-1.3971420
-0.2987608
0.6077567
2.1778287
-1.4257570
0.7188505
-0.3622818
0.3756800
0.7534942
-0.0733284
-0.4720440
0.6878540
0.0316720
0.1023484
-0.3700423
2.1508776
-0.7775888
0.0228941
-0.6014733
-0.1839112
-0.0128560
-0.3515156
-0.3615299
-1.3050136
0.1002965
-0.7319128
-1.1378627
-1.2580542
-1.3696441
-0.3767189
0.0556068
0.2527243
0.6271662
0.4521718
-0.5327366
-0.2260847
0.8222567
-0.3704328
-1.2989779
-0.3448703
0.1846058
-1.1869444
-0.0322359
0.5234789
-1.4496047
-0.3304819
-0.1917329
1.1214389
-0.0513143
-1.3320773
-0.0994303
0.2878929
-0.0561226
-0.3604954
0.0556431
0.0077426
0.2153989
1.0311829
-0.1941399
-0.0527750
-0.8870147
-0.2754933
-1.4472705
-0.3543810
-0.3240132
0.0557236
2.2746683
-0.0228356
0.0433469
1.6720028
0.3724799
-0.7979529
0.0329858
0.4996570
0.3978835
0.4480804
2.2448679
0.2175158
-0.3128651
0.4067837
-0.6899959
0.0163392
-0.1407161
1.1878811
-0.3708296
0.1044192
-1.3747211
-0.2906978
-1.4740184
0.0950408
0.6012925
-0.2139937
2.0750076
-0.3339815
0.8334706
-1.0599737
-0.3637111
0.8151120
-0.3103574
1.6120974
-1.4156005
-1.1339909
-0.3622199
2.1309249
-0.7648184
0.0216518
0.4869788
0.7400312
-0.4969941
0.0349032
-0.0767835
0.5485215
-0.1493954
-0.2695857
-0.2052958
-0.3623353
0.0010872
-0.3625410
-0.8833625
0.2388183
-0.2539651
0.0445137
0.0528836
0.4995786
0.2947828
-1.1991636
0.0172852
0.5471763
0.4899615
-0.0816143
0.5809804
-0.0663509
0.6325390
-0.1110449
-0.0021547
-0.0238142
0.2894237
-0.1571597
-1.0379513
2.2495543
-0.2667861
2.0976242
-0.6694967
-1.3025244
-0.4650423
-0.8452682
-0.1453794
0.1771763
-1.1660437
0.0076502
0.1751060
-1.4739303
-0.0275804
-0.3594237
-0.3688969
0.6371536
0.0365127
0.2157847
0.0250659
-0.2805605
2.2043110
-0.0826172
-1.2711003
-0.3197438
-0.1820633
-1.4105445
-0.2379295
-0.3710298
0.3119505
-0.3529891
0.5317556
0.4408181
0.1323256
-0.1202905
-0.1453571
0.1109334
-0.0595369
1.0109153
0.6886335
1.5398227
-0.2468898
0.0173366
0.1760356
0.9438988
-0.3708918
0.1105265
0.6852030
0.3256249
0.0107006
0.8182066
2.2391886
0.8377975
-0.7174292
-0.2798704
-0.3665586
0.5944593
0.1574870
-1.3718307
0.5053704
-0.1537170
-0.2919024
1.5181894
0.0374159
1.0596054
0.0208909
0.1477826
0.5721591
-0.1669522
0.0367396
0.1940855
0.6707982
-0.3784004
0.0112470
-0.1280144
-0.1688859
0.0529722
0.0466883
-0.7856750
0.6879311
0.7088521
-0.3195488
-0.8979122
0.5852004
-1.4611059
0.7604532
-0.1044413
-0.1790667
0.0418267
0.3649193
0.6235336
-0.3013714
-1.3488842
-0.3366941
-0.0090626
0.5907223
-1.1924224
-0.2653089
0.6886129
0.0903151
0.0416337
0.7837610
-0.1895728
2.0538053
-0.9973261
2.2078447
-0.2809243
0.8374070
0.0557479
-0.3381893
-0.3667650
2.1382066
0.0221596
0.1199789
1.6366429
0.3038148
-1.1635794
-0.9181509
-0.0329665
-0.2190027
0.1047173
-0.1051897
0.0556762
0.0358791
-0.0741877
0.1963897
0.1622760
0.1880329
0.0538587
-0.2052937
0.5089316
-0.1816054
0.7496785
-0.3670872
-0.3679670
1.0199625
2.2890414
0.0305826
-1.0806130
-0.9830205
-1.2729286
-0.8087824
-0.0902926
-0.5193631
-0.2189835
-0.9147939
-0.0625305
-0.9786169
2.1995810
-0.1584823
-1.0519842
0.0693654
-1.4594264
0.0269706
0.8362151
-0.5855568
-0.2821363
0.7645074
0.0348120
0.1740370
1.5962155
-0.2534372
-0.3197158
0.1599409
0.0545330
0.2411831
-0.2912223
-0.8126431
2.2995099
-0.9007093
0.0465534
-0.2415085
0.4133224
0.0548683
0.1968109
0.3263029
-1.3708660
0.1322530
-0.9008674
-0.3709475
0.4995814
2.2757168
-1.1939437
-1.0141650
-1.1339763
-1.2097350
-0.0063209
-1.1502362
-1.4350009
0.0473570
-0.1270965
-0.3615827
0.8155062
0.6663828
-0.3815298
-0.5539085
0.0973906
0.2745963
0.0644428
2.0236303
-0.1328030
1.1971965
0.4036628
0.1829919
0.0422190
-0.8798638
0.1583203
0.8125439
-0.0166446
1.6093893
-0.8065827
-0.6445294
-1.4733444
-1.2608672
0.9550005
0.2023080
-0.2184028
-0.3101711
-0.2008920
-0.1245312
-1.4677075
0.0369504
-0.2436076
-0.3476210
-0.0650155
0.0540523
0.4829214
0.6123177
0.0371827
-0.2647855
-0.3257199
0.8069612
0.0547645
1.8050429
-0.2710064
-0.1891590
0.0363484
-0.2958914
-0.3507249
0.3550972
0.0451557
2.0655817
-0.2477991
0.0350384
0.0190710
0.6291312
-0.6457859
0.8185007
0.0550039
-0.2426920
-0.3709170
-0.5279091
-0.3292277
-1.2733281
0.3431425
-0.0991025
-0.3374051
-1.3974389
0.1827039
0.0325876
0.1786606
0.7877001
0.0509529
-0.3575291
-0.2567132
-0.2599144
-1.2951902
0.0469480
0.0281191
-1.0661216
-0.1633465
0.0540440
0.3427478
0.0473334
-0.0189138
-0.1322304
0.3945353
-0.3423367
-0.9310834
-0.5699851
0.0352857
0.0475278
-1.3634178
0.2525581
-0.3178525
0.7863715
-1.4562064
0.8249921
-0.3665147
-1.4733134
0.0390380
0.6410608
-0.6845096
-0.0121854
-0.3689099
0.0371922
0.0320930
0.3767264
0.0619586
-0.1326918
0.7355578
-1.2339600
-0.1721896
1.9335421
0.0260309
-1.3368921
-1.4483107
-0.1063409
0.1835424
0.0556015
-0.2857167
-0.3536717
-0.1808310
-1.2597143
0.7908964
0.6681917
-0.0332618
0.3598622
0.7690919
0.0554978
0.8328659
0.0845262
-0.3124743
0.5520524
0.2355825
-0.2797967
-0.1698749
-0.2623782
-0.1015337
-1.4621937
0.8376362
0.8380158
0.0243549
0.0408605
1.6080419
1.5166179
0.1698752
-0.3811244
0.5794666
0.0555457
0.2153743
-0.2100092
2.2622422
-1.0135299
0.5887331
0.0270032
0.0432152
-0.2797685
0.7824111
-0.2938204
0.8182838
0.0278982
2.1984978
0.4703179
0.6421243
0.7593878
0.1658832
1.8964967
-1.0013239
-1.3978497
1.5030691
-0.1932253
0.5138515
0.2384055
-1.1997841
-0.0725590
0.0014728
0.2871899
0.8363187
-0.0568248
-0.2385097
0.5011078
0.8215846
2.3026193
-0.2947815
1.1925954
-1.4049415
-0.2425173
-1.0792471
-0.3368821
0.7628226
0.1040736
-1.2382378
1.1615114
-0.6704832
0.0184440
0.0354145
0.0502708
0.8441155
-0.3708655
-1.1767891
-0.1662646
0.0399152
0.3924446
0.5132210
-0.2625268
0.0552055
0.0597431
-0.1205898
-0.1792112
-1.4340809
0.4865199
-0.3105545
0.7017370
-1.4668013
0.6469803
0.0195099
-0.3662564
0.0811665
0.2957123
-0.0041954
-0.2548094
0.2339223
0.5610006
1.9381498
-0.2317341
0.4465608
-0.3070428
0.2977704
-0.3484383
-0.2039659
0.0056699
-1.4735431
-0.1159584
-1.2243261
-0.0320510
2.1544601
-0.2714722
-0.3318211
-0.1033714
-0.2219281
0.4965481
0.8186463
-1.4252200
-0.3139278
0.2762415
0.0310700
-1.4615949
2.1309351
0.7138670
-0.5841638
-1.0694233
0.0554399
-0.3696713
