0.8234252
0.1267587
0.0368777
0.1301411
-1.1228939
-0.2832263
-0.8132812
1.0967751
-1.6193664
-1.4276102
-1.3942845
-0.0544648
0.1868816
0.1795716
-0.5837503
-0.2564846
-0.4730982
-1.0897694
-1.6176136
1.1315342
-1.8235066
-0.2932383
0.0439384
1.0473229
-1.8715857
-1.7810946
-0.1379689
-0.0590966
0.1658314
0.0581478
0.1814406
-0.4958243
0.1417198
-0.5414367
-0.3491902
-0.0035308
0.8066320
-0.5620732
1.1299193
0.2263646
0.0142195
-1.7933360
0.1909999
-1.1254965
-1.1182165
0.1842363
0.7637871
0.1469491
0.1471929
0.1757359
-0.3035212
-1.8539012
0.1871809
0.5146840
-0.5802438
-0.3121158
-1.7081335
-1.4379892
0.1366790
0.8716797
0.1905413
-0.4937085
0.6984822
-1.8489254
0.8384222
0.0416763
0.0073229
0.7991715
0.8504457
1.0883294
0.9990748
-0.4175059
0.9619407
-0.4136405
0.8540445
-1.0928954
-0.7094732
-1.7356082
0.1422998
0.0437584
-0.2421904
1.1011908
-0.5804467
-0.9145624
-0.1823992
-0.1100586
-0.4127978
0.1731406
0.0640398
-0.5215335
-0.1160107
0.2948221
0.1232487
-0.0857571
0.1406028
-0.1029733
-0.2640653
1.0655488
0.8347400
-0.4583308
-1.8703679
0.5137780
-1.0808942
0.7298306
-1.7206008
1.0061637
-1.8387875
-0.5164781
-0.3254606
-0.1066669
-0.0414790
-0.3855523
-0.2255572
0.1734391
0.0090756
0.1887030
0.1890137
-0.5859092
0.1499529
0.3314003
0.0276468
-0.3263410
-0.3193169
0.6740378
0.0109272
-1.8250829
-1.5646777
-1.3067053
-0.8880011
-0.1775347
-1.8431491
1.0753311
-0.2113745
-1.8431854
-0.4091187
-0.1055512
0.8942048
1.0903380
-0.5807421
0.1765831
0.1496088
1.1312764
0.1913253
-1.3501447
-0.4683451
0.0651677
-0.9030682
0.4341746
-1.6154358
0.0080877
-1.4271603
0.3532765
0.1074222
1.0715904
-0.3932120
0.0708900
-0.0582773
-0.2649630
-0.0006872
-0.6151003
-0.7070767
-0.4608145
0.8867754
0.5204224
0.0428485
-1.3624444
-0.2969935
0.0253177
-0.1619379
0.6162041
0.1806276
-1.4188572
-0.4071739
-0.2316195
-0.9601165
0.0030638
0.0125263
0.1793547
1.1034772
0.1720576
-0.2335359
0.5404939
-0.0696296
-1.7530440
-0.5858876
0.0478117
0.8375444
0.0480048
0.0308573
0.9901209
-1.6155373
-0.2052662
-0.4208057
0.0481510
1.1097458
0.0810493
-1.8001767
-1.8085148
0.1864304
-0.0401202
0.1610409
-0.0798381
-1.4388731
-1.6854295
-0.3337929
0.7399537
0.6490075
-0.2297232
0.8428265
0.1624708
-1.8267749
-0.6133853
0.0311708
-1.1481110
0.8486957
-0.1251596
-0.1206073
-0.5192049
-0.2337999
0.1727316
0.1824017
0.0250576
0.1213003
-0.5605126
-0.4369002
-0.2127784
1.0619025
0.0298595
1.0955294
0.1904503
-0.7124105
0.8484476
0.5679750
-0.1075664
0.9619641
-0.1259210
-0.5001104
0.9489159
0.0725682
-0.7465169
-0.5570622
-0.3231959
-0.5378548
-0.4522109
-0.2239017
0.1535900
-0.5046376
0.1282318
-0.0220941
0.7644109
0.2215424
-0.3049312
-1.1245750
-0.4208600
-1.2859231
0.8190319
-1.8658497
-0.5323720
-1.2865540
0.1892858
0.9929258
1.1027719
-0.0398067
1.0414777
-0.3186745
0.7092484
0.9613165
-1.5432576
0.1392457
0.1030469
0.0450146
0.1914490
0.1434155
0.0642780
-0.4562717
0.0436368
0.0054880
0.1389746
-0.9043443
-1.2656576
0.0605548
1.1314156
0.9289720
-0.1783415
-0.1518467
0.7937149
0.8048682
-0.5307021
-0.5757917
0.6652435
-0.2696001
-0.2540768
-0.2359159
0.0644750
1.1087944
0.1810590
-0.1912769
-1.8359699
0.1750708
1.0929522
0.0447279
-0.1076266
0.0244448
-0.3071381
-0.4073262
-0.5836420
0.6209979
-0.4070272
-0.4155856
-0.5474009
-1.0394313
0.0629887
0.5580562
0.0029526
0.1041847
-0.5859417
0.1889601
-0.1521805
-1.8683698
0.7964702
0.0304298
0.0029614
-0.3995907
-0.3228243
0.1404762
-0.9540205
-0.5384398
0.0021181
0.1823042
-1.8474893
-0.5830442
0.8039542
0.1241715
-1.8413132
-0.4568296
0.1584483
-0.2126050
-0.3863498
0.0483522
-1.2998303
0.7690642
-0.3145741
-0.5743363
0.1643453
0.1744771
0.1686432
-0.4060821
1.0438040
-0.5842677
0.1494989
-1.7017942
-0.5217357
0.9099355
-0.8106193
0.5454039
-0.4622416
-0.2394667
0.9041478
1.0172648
-0.0249904
0.1001019
-0.8635832
1.1008242
0.3927009
-0.4457731
0.1567727
1.0642375
0.7212803
-0.0947859
-0.8817147
-0.4142831
-0.0006609
-0.2197595
0.9072780
0.0014115
-0.9172418
-0.4086466
-0.1820581
1.0462819
-0.2626094
0.0165581
-0.9717801
0.3599475
-0.4131561
0.2932430
1.0598160
-1.0029087
-0.7636272
-1.8678909
0.0001892
-0.5278697
-0.3992843
0.3893349
-0.0246753
-0.4320348
-0.5612729
-0.1691988
0.9073856
0.1047852
-0.9645915
0.0413459
0.5098065
-0.3846867
-0.8578340
-0.2245022
0.1914837
0.1580235
0.1353911
-0.4158359
0.1652893
-0.0450506
-0.0002297
-0.5760218
-0.0851636
-0.5068003
-0.7861029
-0.9291260
-0.1725326
-0.3430132
0.0557315
1.1201419
-0.5789279
0.0262891
1.0155361
-0.5821766
-0.1231751
-0.2221908
1.0409136
0.1394071
-0.5575610
-0.5642058
0.4710162
-0.3294966
0.1343433
0.1845053
-0.5505715
-1.7518028
0.1783008
-1.5163484
-0.0634571
0.0183907
0.1836494
-0.3335663
0.1432516
0.1264592
0.0678948
-1.8285447
0.0622292
-0.1735133
-0.2441687
-0.7845471
0.1089544
0.0764227
-1.0200840
1.1024338
-0.5093652
-0.4443558
-0.2931509
0.2464047
0.5591580
-1.6948472
1.1313545
-0.4356829
0.0377807
0.0817773
1.1283817
-1.3310844
0.0497195
0.0521933
0.6555841
1.1129061
1.1077150
0.5615667
-0.1070693
0.1346679
0.1503603
-1.7807032
0.0234080
1.1277134
-0.1708103
-1.6343851
-0.0810936
1.1193510
-0.9345436
0.1464781
-0.5825526
-0.5774020
0.0049626
0.1380544
0.0929777
-1.1380009
-0.0491156
0.6947789
-0.5505268
-0.0102800
0.0654745
0.1146447
-0.5494110
-0.5408115
0.9927639
-1.8417107
0.1098072
-0.9095532
1.0960976
0.0419860
-0.2638251
0.0005747
0.7628548
0.7431559
0.1705464
-0.2557635
-0.5728874
-0.1729473
-0.0044167
0.0214276
0.1190106
-1.1289791
0.0434256
1.1065396
-0.8840215
0.0223502
-0.6337752
-0.4089948
-1.0228323
-0.3590022
0.1378840
-0.8472615
-0.9342124
-0.4866356
-0.3385764
-0.2374432
-1.5663574
0.8649961
-0.0235034
0.0442017
0.1870038
0.1772798
-1.5680585
-0.5834655
-0.4788224
-0.1793318
-1.8706691
-0.3351098
-0.4828224
-0.5436965
-0.3214139
0.0039278
0.1086379
0.4147628
-1.2883915
-0.3002355
-0.3247773
0.0306719
-0.3257449
-0.3931754
-0.4445844
-0.5818310
-1.8560719
0.7109946
0.1865963
-0.4776695
0.1271044
0.1363523
0.0278549
-0.0249092
-0.3707320
-0.1983616
0.5414292
0.0949266
-1.8698525
-1.8209534
-0.5852323
0.3685786
0.0562448
-0.1787275
-1.6132657
0.5238645
-1.3641246
-1.7370937
-1.6548623
1.1230902
-0.3693737
0.0572581
0.1531392
0.0397585
0.1907015
0.1788202
-0.5855866
1.1069950
0.1817440
0.1301108
-0.2712366
-0.8750585
-0.4206325
0.9396475
0.0358478
0.9744399
0.0054871
-0.5835559
0.0080412
-0.5548567
0.0025535
-0.5295673
-1.4531224
-0.0540541
0.0110428
0.1913099
0.5783487
-0.2732700
-1.8028065
0.8252067
-0.3558410
-0.5420048
-0.2007495
0.0701824
1.1319603
-0.7842854
-1.4452869
-1.8512528
0.5687991
0.5218979
0.8121661
0.7334024
1.0295002
-0.0011873
-1.8386604
0.1895429
0.1532190
0.0000171
0.8615773
0.1153470
-0.5709393
-1.5928588
0.1903324
-1.8681089
-0.1809381
-0.3180138
-0.0345108
0.1353580
1.1156600
1.0109441
0.8103491
0.1869074
0.0933918
-0.3916665
-0.1984835
0.3330694
-0.4497692
-0.4871870
-0.0724791
-0.3997646
0.4375688
0.8279677
0.6892682
-1.8180831
-0.3542970
-1.8077546
0.2310182
-1.0224009
0.0179983
-1.8141064
0.1622631
-0.1860367
-0.4072823
-0.8105170
0.1710810
-0.5828060
-1.7286089
-0.5143954
0.0526374
0.1348331
-1.0322108
0.0369263
0.1841517
-0.1976153
-0.0047843
-0.2646190
0.0918926
-0.2055264
-0.7276839
0.1622077
-0.3618796
1.0008526
-0.3488692
0.2452316
1.1102535
-0.0102530
-1.1117762
0.0427604
-0.5462071
-0.4929987
0.0655758
0.1834569
0.1912737
0.8364886
1.1276715
0.1046657
-0.1174434
0.1890033
-1.4850605
-0.3067627
-0.4470538
-0.0668889
1.1019256
-0.0238366
0.1698943
-1.0162288
-0.0227202
0.1674982
-0.4479353
0.2472167
0.1288447
-0.5498281
0.2857953
-0.4692679
-0.0589727
-0.3970222
-0.2564353
-0.4262458
0.1145523
-1.6765657
0.1545394
-1.5922325
0.0034343
0.1852101
-0.5794243
-0.2538040
0.9395955
0.5077213
-0.3110507
0.1414362
1.0523379
0.7858896
-1.0044808
0.0893433
0.1352013
0.8393301
0.3915472
0.1660889
-0.4657912
-0.5849010
1.1275362
0.9305596
0.1702743
-1.3140270
0.1015915
-0.4180473
-1.0966979
0.0611082
-0.5553577
-0.5850908
0.0655891
-1.5888291
0.0770808
0.5949224
0.4449985
1.0137290
-1.1267004
-0.4636145
-0.7635759
-1.1214980
-0.1225864
0.1182560
0.7281519
1.0576342
1.0730572
-1.6691010
-0.5840913
0.1631301
-0.0925583
0.0626019
-1.5283053
0.3950268
-1.0154282
0.7585073
0.5921649
-0.5512748
0.1797112
0.1549011
0.3360466
0.1802361
-0.5843698
0.5437090
1.0030074
-1.8674277
0.1542353
-1.6001914
0.1913172
-1.0260257
0.1913122
-0.0758022
-1.7892882
-0.5521012
-1.3030682
-0.2705093
0.6602392
-0.2627037
0.2745402
-0.1671923
-0.5816884
-0.4280490
-1.4694542
-0.2477113
-0.5581278
-0.5081056
0.1155008
0.1876529
-0.4360204
-1.5106997
0.0498199
0.7358762
0.1464946
-0.0878980
0.8875565
0.1238783
0.5070186
-0.1513948
1.1097534
-0.2621382
0.0675663
-1.2377208
0.0322187
-1.8707887
0.1330259
0.8958366
-0.4988455
-1.2742437
-0.5004133
-0.5616095
-0.2743139
0.0451622
1.1062338
0.1866400
0.1740350
0.3389783
-1.7319459
-0.4656384
-0.4721765
0.5348988
1.0746432
-1.1785344
0.1503247
0.7512794
0.0401302
-0.5501987
-0.1702105
0.1144547
0.4543084
-1.7564253
-0.4577737
-1.7232067
0.1202188
-0.5791675
-0.4311086
0.3114929
-1.7386275
0.1868657
-0.1621468
0.0813435
-0.2026116
-0.4541892
-0.5711902
0.1904085
0.0910101
-0.1481796
-0.1390144
-0.1956538
-1.0237017
1.0305952
0.0846929
-1.3514099
0.8675148
0.1613533
0.8484293
-0.5612630
0.1891995
-0.5987050
0.2336902
0.0374391
0.0348203
0.1676490
0.0463046
-0.8104541
1.1313518
0.1404676
-0.5042927
0.2591021
-1.0465113
-1.8520115
-0.0411594
-0.4471912
-0.5721993
0.0650771
0.0556251
0.1832826
0.1061072
-0.1738779
0.9207271
-0.3511460
0.1774294
0.1661429
0.0964792
-1.0468546
-0.0852629
0.0000161
-0.3003257
-0.3979990
0.6143502
0.0199281
0.1312405
0.0001470
1.1011246
0.1510053
-0.5837975
-0.7998214
0.0127175
-1.3323449
-1.3988291
1.1266856
0.1082714
-1.4380549
-1.1595602
0.0504741
-0.5025612
-0.5793922
0.1811998
0.0053804
0.1241438
-0.4713470
0.9746130
-0.3941791
0.1031988
1.1173291
0.1635799
-0.9916580
-0.7843209
-0.0439065
0.0486096
-1.8509108
-0.7459872
-0.2541823
-0.5858072
-1.1819100
1.1194637
-0.5839809
-1.7884053
-0.8212254
0.9177786
1.1009940
0.0866725
-1.8009571
0.2761130
0.9679724
-1.3538104
-1.8706928
0.5347686
-0.5711843
-0.5248214
-1.2704036
-0.5652286
-1.7038589
-0.6349564
1.0433841
-0.4048398
1.1307679
0.0006637
-0.5700019
-0.5514192
-0.0791210
-0.4859285
1.0252777
1.1270157
0.5921289
-1.6627663
0.5341579
0.8493868
-0.3770018
-0.4531257
0.1241415
0.0870716
-1.0002414
0.7010134
0.0338751
0.0219689
-0.5180536
0.5947082
-0.2930882
0.9218476
0.1914685
-0.0726383
0.0532247
-1.8321861
-0.1261319
0.0039442
0.0628070
0.9520966
-1.8593982
-0.2792825
1.1251026
0.0120358
-1.4463078
0.4963610
0.1439127
0.9770771
1.0944934
0.1560879
0.1467284
0.1312919
1.1279085
0.0706310
0.1483479
0.1881459
-0.5048951
-1.7784078
-0.3642353
-1.7389145
0.3075469
0.8073403
0.1632654
-1.4205835
-0.5684024
0.0026059
0.1437733
-0.4663533
0.5930902
-1.1523210
-0.8934483
-1.8551342
-0.4478881
0.9360860
-1.8242776
0.0553471
-0.8307375
0.1712114
0.1047742
-0.0781668
-0.7876601
0.3142033
0.1821374
-1.5054981
0.1700925
0.3958060
0.0289900
0.0075432
0.1429947
1.0614998
-0.5452684
0.5174194
-0.3296190
-1.6121451
0.0000011
0.1093409
0.3736355
-1.8707541
0.1551887
-0.5657212
-1.8646875
-0.3080877
0.6998022
0.6120121
-1.6309975
0.1010439
-0.5140412
0.1173172
-0.1124163
0.1481031
-0.1044523
0.1573916
-1.4230104
-0.2448198
0.1549178
1.0759170
-1.3362565
1.1112652
0.0550798
0.0859947
0.9533811
-1.7453983
-0.2740646
1.1309107
0.1450796
0.4655190
-0.2454426
-1.7007483
-0.0833405
-0.5692263
1.0278690
-0.1023609
0.9784262
-0.0623977
0.9490529
0.1764141
0.9777602
0.5738487
0.1266733
0.9701534
-0.3470822
-1.1320530
0.6275544
-0.2316286
1.1266687
-0.0343525
-0.4985274
0.1903145
-0.2176686
0.7909219
0.1385395
0.1593003
0.2637084
1.1319485
-0.5558846
0.0226743
-0.3881561
-0.5192016
0.1427940
-1.4211854
0.1462244
-1.8651634
-0.0522402
0.1526824
-1.4022536
-1.3064940
-0.3966803
-1.8574510
0.7793527
-1.6663882
-1.5108771
0.0755842
1.1089842
-0.2035481
0.1909705
-0.5440911
-0.0216277
0.1938430
0.5753477
0.1509331
0.7430788
-0.0617780
0.7303670
-1.2853592
-0.8677112
0.1028941
0.0630038
0.0089223
0.0662810
-1.7007984
0.1788963
-0.1603486
-1.7457194
1.1303406
0.0123508
-0.3783884
0.0005917
-1.7536869
-0.5859220
-0.4397251
-0.5250741
0.0427282
1.1221333
-0.5838312
0.9933832
-0.4920348
1.1294451
-0.5327837
-1.8586315
0.1849143
-0.2537691
0.0583977
-1.2237045
-0.4527692
0.3855524
0.1749192
-0.4346922
0.0794914
0.1857210
0.1688799
-0.3907101
0.1190717
-0.5389754
-0.3350832
0.0213272
-1.7886520
-0.5347996
-0.4055106
-0.5857380
-0.0386433
1.1316267
-1.8659917
0.0595792
1.1024345
0.0066180
-1.5023468
-1.8709512
0.2530739
0.7994847
0.0522170
-0.4631973
0.1349106
-0.6980143
-1.2243574
-1.2343984
-1.4254267
0.1911994
-1.7178588
0.0393662
0.0363891
0.8400556
0.7023938
-0.3216859
0.1731242
0.1195782
0.1914594
0.8717870
0.1860920
-1.8683916
-0.4902190
-0.9633740
0.8662112
-0.5720009
-1.8704489
-0.9443588
0.1827422
-0.4189477
-0.1243242
-0.2886344
0.1236987
0.0556621
1.1198770
-1.8700603
-0.5367056
0.6721856
0.0001096
-0.5423344
-1.4185674
0.0010267
-0.4061292
-0.4368936
0.1740573
0.9998901
-1.5515486
-1.6113657
-0.5725744
-0.4832510
0.9871328
0.0158120
-0.0034071
0.1705870
0.1978038
-0.3800558
-1.7385992
0.1533601
0.5390805
-0.1224215
-1.3744025
0.0600063
0.9012288
-0.2395065
1.0563693
0.0248135
1.1199877
-0.5769433
-0.1159249
0.0665280
-0.4823908
-0.7399871
0.0954611
-1.8716180
0.1902498
0.8596970
-0.2115620
0.1418469
-0.1760779
0.1263897
0.0905680
0.0284973
-1.2041420
-0.0288513
0.7333995
-0.5519755
0.1898878
-0.2589563
1.0974313
0.0004877
-0.4801675
-0.5859373
0.1793323
0.8338241
-0.3611006
1.1191148
0.0692567
-0.5859272
0.0658516
-0.1271982
-0.4813735
-0.5557438
-0.3080413
0.3284733
0.8693491
-0.1377177
0.0169785
0.5452546
-1.5796565
0.6575628
1.1154764
0.3976042
-0.9623381
-0.2326669
-0.1185116
0.2794406
-0.1325060
-0.2790991
-1.8691807
0.7943241
-0.3914345
0.1709215
-0.8650110
-0.2083917
-0.3709729
-0.3827056
-0.5830376
-0.3445276
0.1761003
-0.4841728
-1.7452306
-0.4872946
0.1844125
1.0536962
-0.8685866
0.1913263
-1.0520546
-1.2151950
-0.5830089
-0.5127131
-0.4453320
1.0732603
0.0378035
-0.1282634
0.8504620
-0.5827470
-1.8678163
-0.9460705
0.0530917
-1.7816892
0.0084385
0.3201180
-0.4923244
-0.7170882
-0.4997035
-0.5842782
0.5917914
0.3083097
-0.2849726
-0.4617133
-0.0822378
-0.5859285
-0.1717333
0.5632579
0.0179072
0.5994128
-1.4416508
0.9603752
1.0757557
0.1182479
-0.5852974
0.9438949
0.0660514
-0.1594836
-0.3392864
0.0139428
-0.2540483
0.8734501
0.0844915
0.0198113
0.0106239
-0.1748980
-1.8513498
0.1832769
1.0326846
-0.4973523
0.1678608
-0.3659115
0.1912982
0.9729887
0.0085205
-1.8701874
-0.9906691
-0.0915618
-1.8709891
-1.1105968
0.0036985
0.9940519
-0.4843410
-0.1847287
-1.7838155
-0.3319875
-0.5492673
0.1615006
-0.5837706
0.0508965
0.0938362
0.7722586
0.7491742
0.0211144
0.7406773
0.1353409
0.1872677
0.0753065
-0.4830826
-0.0711737
0.1361270
-1.3739005
-0.0992116
1.0423397
1.0097345
-0.5569053
-0.5064029
-0.5553318
0.1052173
-0.4322518
0.1026977
0.8617360
0.1505767
0.0917410
0.7458120
0.3164122
-0.3652246
-0.2242162
0.7508507
1.0874964
0.7858160
-0.5859198
0.0590847
1.1122254
-1.8661749
0.7068246
-1.1070002
0.1690796
-0.3143398
0.1272047
-0.5344673
0.1551936
1.1038766
-0.4701685
-0.4824466
0.0986788
-0.3270783
-0.6767414
0.0073956
0.2377307
-0.5236479
-0.9067382
-0.0419164
0.1248528
0.0097233
-0.5596801
-1.8541055
-0.3774306
-1.3482064
0.1450516
0.8837675
0.1908700
0.1736708
0.1609044
0.7144867
0.1791459
-0.5789073
-1.6571530
1.1314919
-0.1921716
-0.3528686
-0.3642409
-0.3208613
-0.5442868
-0.4281453
0.0644836
-0.4541601
0.4407817
-0.5825816
-1.5901493
-0.5798386
-0.6855235
-1.0807324
-0.0567535
1.0862614
-1.7928111
0.0096689
-1.1206122
0.1774320
-1.4972664
-0.2072723
-1.3804691
-0.2628776
-0.3504704
0.0038127
0.1636604
0.0947088
1.1304892
0.1693012
0.1905958
0.7139987
0.7340359
-0.2451718
-0.2962590
0.0080461
-0.8755529
1.0471906
-1.2585742
-0.1025193
0.5273883
0.9390575
1.1130577
0.0698937
1.1263579
-1.7143158
0.0037657
0.1891463
1.1283681
0.0152310
-1.3135842
-0.5478018
1.0514272
0.1065435
-1.3439653
-0.4760627
0.2912537
-1.4347116
0.1821603
0.0785273
-0.5414945
0.0278520
0.0849665
-1.1105883
0.5621679
-1.8712954
0.0202108
-0.9058302
0.5448213
0.3400988
-0.1404910
0.0044114
0.0606759
-0.3755612
0.0151159
0.0535575
-0.1372189
-0.5843179
-0.1972185
-1.4680329
-1.8715815
-0.5676273
0.0712924
-0.5639212
1.0924107
0.0689845
-0.4135990
0.1494559
-0.1087207
0.0000118
-0.5817470
-1.1495664
0.0869433
-0.1823448
-1.8223242
0.0753451
-0.5059427
-1.8600420
-1.8663486
-0.2356075
1.1197723
-1.7020085
-0.1418240
-0.0499141
0.1423853
0.6192352
1.0356718
0.2197068
-0.2553028
-0.4690856
0.2196172
-0.0200564
1.0937918
0.6953341
0.0691868
-0.4149576
-0.4450929
-1.7057919
0.1789250
-1.3897369
1.1264338
0.1461426
0.1597453
-0.5760415
0.5753700
-0.4869200
-0.3815427
-0.1254515
-0.2650252
0.6562811
-1.8313638
-0.3184059
1.0507050
0.1879555
-0.5495402
-0.3628962
0.0395241
0.2748079
0.1804196
0.1627086
-0.3342042
0.0214684
-1.8417852
1.1259200
-0.3098074
0.0001547
0.0043476
-0.3771748
-0.5507963
0.7487849
0.0171344
-1.3373099
0.1909243
0.1286412
0.0000548
1.0914923
-0.5824641
0.4399064
-0.5090830
0.6361407
-0.4760551
-0.2128492
0.1506449
-0.9403018
-0.4781512
-0.5857251
0.0159912
0.1499296
-1.6341745
0.0001017
0.1419134
-0.5765298
0.1002987
-0.6324795
-1.5445346
0.4608643
-1.8458849
-0.5143192
0.7313611
0.6439417
0.1125902
-0.5413683
0.0379896
1.0490157
-0.8508071
0.0454593
-0.6563076
0.1840543
-0.5824509
0.3540636
1.1242664
-0.5859044
-0.5466591
0.2264487
0.0011170
1.0833902
0.0057975
-0.5830498
0.0453982
0.0145734
-0.5240066
0.9600156
0.2556387
0.2254005
0.1209275
0.1314000
0.1062242
0.1899477
-1.8509846
-0.1687732
0.3781668
-1.8711624
-0.5828386
-0.5812304
-1.7206886
-1.7757286
-0.3600471
-1.8141944
-0.0119642
0.1840793
0.8138262
1.0883033
0.1639843
0.0640361
0.2020232
0.0903651
-0.4694805
-1.8715603
1.1298262
0.1776084
-0.2187623
0.1858917
-0.6754906
-0.4722138
-0.5060895
-0.5683979
0.1914896
-0.3815280
0.9472682
0.0174737
0.1867955
0.8106985
-0.3179741
1.1314136
0.1735957
-0.9709279
-0.4240816
0.1878639
-1.5244808
-0.1752374
-0.5570802
-0.2598848
0.1090251
-0.5572683
0.0774052
-0.2548112
-1.8696584
-0.3061920
-0.3296974
-1.3572384
-1.8194091
-1.2925772
0.8166591
0.7326927
-0.5272375
-0.4284849
0.0037313
0.0010457
-0.1553514
0.0546566
-1.5041592
0.1275875
-0.3015112
0.5883872
-1.5808034
-0.5039308
-0.2867296
0.0664502
-0.5826412
-1.7829303
0.9133010
0.0057629
-0.8192834
-0.2292561
0.1603823
1.0530537
-1.7563027
-0.2950747
1.0365239
0.4475140
-0.3872619
0.1898796
0.3454859
-1.7457289
-1.8119515
-0.1860218
-1.6349253
-1.6271290
1.1240712
-1.4075140
-1.3405694
0.1889936
-1.1576818
0.0057671
-0.8471459
-0.2113345
-0.3846689
0.1229102
-0.5190617
1.0809785
0.1083723
-0.9327690
0.0038993
-0.2854671
-0.8201637
-0.5281913
-0.5553034
0.7673660
1.0262623
-0.4143038
-0.7022137
1.1208277
-0.4897979
-1.4167330
0.1084109
-0.4630863
0.0312222
-0.2520553
0.1911629
-0.1198944
0.1182811
0.7981234
-0.0557777
-0.4628421
0.8192973
-0.3807121
-1.8460391
-1.5874662
-0.7191307
-1.7588974
-1.8514183
-0.8845372
-1.2876274
-1.7713582
0.0598895
0.1626941
-0.9439677
-0.3895671
-0.9470877
-1.4760088
-1.2650026
0.1295140
0.0188308
-0.3475964
-0.5469296
0.0793139
0.1326016
0.0034537
-0.1632599
1.1161065
-0.8331327
-0.0374720
-0.4287998
0.2843227
0.0213066
0.2948600
-1.6616255
0.4585856
-0.5626515
0.1709717
0.2618716
-0.4254152
0.0330623
-1.5338102
-1.1778494
-0.4507901
0.1801533
-0.3713709
-0.5262639
0.7977684
0.2613964
0.1914929
1.0993833
0.8359989
0.0895009
-1.7846189
0.1914830
0.4423287
1.0761925
-0.3975370
-0.0325568
0.4528978
-1.8460886
0.0063044
-0.4538359
0.8309734
-0.4111444
1.1302437
1.0858328
-0.4971788
-0.5704108
-0.5855684
0.1722649
0.1223171
-0.3231000
-0.4887632
1.0684935
0.1907902
-1.8040281
0.0000745
0.0710558
0.0232775
-0.9175096
1.1097928
-0.0273680
-0.4551726
0.1618873
-0.6517476
-0.5212347
-0.4714872
-0.3106516
-1.0880969
0.0566609
0.6938655
-1.5307364
0.0060579
-1.8132431
-1.8705863
0.1779088
-1.4933852
1.0426485
0.2385003
-1.6808972
-0.3512274
0.3834097
-0.4746405
-0.4146697
0.0229124
-0.5096361
-1.3653919
-0.5180827
0.5986400
-0.2301172
0.0462465
-0.0436813
0.0590247
-1.2153901
-0.3481331
-0.4761849
0.7336425
0.0723674
0.3951327
-1.8699742
-0.0342218
-0.5826786
-0.4903124
1.1012580
0.6663431
1.1020769
0.0358788
-1.1133415
0.7229622
0.8544764
-0.5857928
-1.5688938
-0.5325460
-0.0826639
-1.8677748
0.1689077
-0.7873819
0.1878482
-0.5856170
0.1232752
0.5974550
0.0029231
-0.1881685
-1.7032979
1.0686039
-1.5926004
0.0854650
0.1506649
0.1925875
-1.2045999
0.8338079
-0.4354948
1.0229265
1.1318993
0.0889764
-0.1392140
0.0866314
0.0016554
0.1444911
0.0510981
-1.2798538
0.0574205
-1.4897098
0.0259032
1.1317665
0.1450479
1.0581759
1.0489507
-0.5648929
0.1286521
-0.2105449
-1.4614323
-0.4709353
-1.8658882
-0.5503098
0.1632024
-0.0228034
-1.4574805
-0.8853875
-1.6750222
0.1711400
0.1752828
0.1376469
-0.5549685
0.3113507
-0.5432949
0.5738421
-0.2536482
0.1779807
-0.4519630
-0.3946104
-0.5815538
-0.3557670
-0.2161930
-0.1322955
-0.2518575
-0.6703377
1.0975918
0.0228362
-0.4875826
-0.4655780
0.0288209
-0.0708880
0.0039240
-1.6679717
-1.8021966
-0.7217434
-0.2805483
-0.0343015
-0.5689385
-0.3020027
0.6558818
-1.2934422
0.9572694
-0.5037427
0.1740871
-1.2455026
0.1782718
0.3749391
-1.8302949
0.0092811
0.0009282
-0.4588345
0.0083198
1.0899136
-0.7448788
0.4845276
0.0398247
1.1319599
0.0323932
-0.2369271
0.8248353
1.1291615
1.0707319
-0.2489413
0.0528035
0.1693158
-0.1551702
-0.5812898
1.1133500
-0.3664977
-1.8572436
-0.2948353
-0.2976253
-0.5296056
-1.7277614
-0.3952929
0.9168792
0.1660814
0.1212525
0.0216707
0.0171687
-1.6085293
1.0285768
1.0369814
0.3365542
-0.0003362
-1.4148134
-0.5338152
0.9366709
1.0977201
-1.0418701
-1.7620859
0.1715068
-0.4956345
-0.9779271
0.0067357
-0.4893797
0.1804327
0.1867408
-0.5109802
0.0291455
1.0632790
-0.6854875
1.0892789
0.0041231
-1.7117096
0.9820854
-1.7431154
0.0409104
-0.0943983
0.8759498
0.0318344
-1.5007999
-1.7169202
0.1813701
0.1912909
-1.5807793
-0.5858824
0.8702322
-1.2729633
1.0444403
1.0519842
0.0304796
0.1180812
0.0002346
0.0984911
0.1885900
-1.1519491
0.9276824
0.6916857
0.6565328
-0.2194267
-0.5772517
0.0009454
-0.1247024
0.9122494
0.8832144
0.1385873
-1.7028342
0.1278940
-0.3445162
0.6109539
-0.5656841
-0.5833261
-0.3712451
0.0626226
-0.4732321
-0.3877813
-1.3925145
-1.6781697
-0.4233419
1.1266293
0.1659347
0.1267783
0.0710992
0.0865184
-1.6603830
-0.1916371
-1.7624047
0.1080646
0.7898979
-1.7789065
0.1787342
-0.4497804
-0.2998082
-1.8674139
0.0254306
0.2486369
-0.4884488
-0.5835456
1.1103850
0.1735722
-0.5859485
0.7244060
0.1860840
0.0787220
-0.3631617
1.0650864
0.0033323
-0.3256598
-1.8607255
-0.3285295
0.0231460
-0.5778989
-1.2512869
-0.5720385
0.0329453
1.0786859
-1.6549476
-0.0205117
0.9769112
0.1798537
-0.3917913
-1.8249549
0.1670570
1.0072851
0.7271853
0.0099293
-0.0374373
1.1315348
-0.5809841
1.1170097
0.0095661
0.0555258
0.1728183
1.0948932
0.1646927
0.9652674
1.1316862
0.8567903
0.0287533
-0.8695567
0.8782787
-0.0033557
-0.0582160
-0.2131469
0.9156633
-0.3999601
-1.3186502
0.5164284
-0.4291859
-0.5322358
0.8974173
0.1887486
0.0469178
-1.8693996
-0.5858157
0.6807208
-0.5038699
0.1890644
-0.5488255
0.0606875
0.1749978
-0.4879341
-0.0072410
0.1758452
-0.2705573
-0.9181513
-1.5141381
-1.3754832
0.1193225
0.3968025
-0.7191378
0.0873939
0.0881377
0.7412505
1.1219787
-0.0432665
-1.1448930
-0.7466101
-0.4994076
-0.3249029
-0.2696686
0.4277666
-0.5332114
0.9327799
-0.4999823
0.0260059
-0.0285254
-0.2296669
0.0091351
1.1084698
-1.8542070
-0.5849827
-1.4332677
0.5468072
-1.8717472
-0.5386906
-0.6446022
0.7906128
0.1912180
0.2506292
-0.0429763
-0.9358756
0.0658110
-1.1683153
0.3204548
-1.4468320
-0.4851338
-0.2325355
0.1844659
0.0673070
0.1232205
0.2926088
-1.3675869
0.7444995
-0.2186391
-0.0151467
1.0325779
0.1151242
-0.1013207
-1.5733190
0.9731588
0.1354405
-0.5318371
0.1371200
0.5135808
0.0864094
-0.3947661
0.7220565
-0.6530266
0.0177222
0.0005144
-0.5239227
0.0360325
-0.4661790
0.0002740
0.0562793
-0.1957966
-1.3228326
-0.2928141
-0.3224953
0.9312153
0.2979587
0.0170237
0.0521625
-0.1953814
0.0169836
0.0457761
-0.2164434
-1.4302565
-1.8647475
-0.4343380
0.0038070
-1.8566460
-1.5472947
-0.2911671
-0.0045942
0.0459300
-0.0241967
0.7696567
0.0002808
-1.7762722
-0.5827592
0.4809146
0.4930000
0.0082558
0.1282370
0.1866867
-0.2827385
1.0598418
-0.5011532
0.0860107
0.1741213
-0.4063647
1.1220514
0.2160266
-0.1459478
-1.2024437
0.0166521
-1.7204081
-1.3927329
-1.0754387
-1.7898236
0.1146889
-0.3532524
-0.3935718
-0.4466830
1.1305640
0.0464763
0.1498398
0.1781083
0.0778574
-0.5831833
-0.2328661
0.0465734
0.5064556
-1.0632075
-1.1540673
-0.2760927
-0.5335640
-1.5732574
0.9107842
0.9121059
-0.4153690
-0.3565376
0.7918739
0.1878755
0.0462880
1.1108346
0.1409462
-1.8223044
-0.4599649
0.0617338
-0.7650537
0.0013834
-0.5025399
-1.8694746
0.7437570
0.1771658
0.2045533
1.1005903
-0.0949236
-0.5829780
-0.6216535
-0.3651950
-1.8164570
0.0335211
-1.7965229
0.1422506
0.1735628
-0.5516895
0.0009441
0.1902139
-0.4161982
-1.1947094
-1.4007684
-1.7119584
0.0269427
-1.8542558
0.2818037
0.2464828
0.1913403
-0.5035494
0.0142819
0.0130205
0.1911583
-1.8276090
0.0305489
0.1900036
0.4501336
0.9004217
-0.2155012
0.5323777
0.3473378
1.1003933
0.0978190
0.1811393
-0.4756428
-0.5685967
0.0009200
-1.5353134
-0.3890574
-1.7874928
-0.2276989
-1.8092572
0.8726184
0.0435514
0.6989745
-0.0365260
0.1121855
0.1663368
-1.8187988
-0.4993093
-1.7810971
-0.5701246
-0.0174650
-0.8357811
-0.0166696
-1.6719969
-1.0343963
0.0035633
-0.0965201
0.0887963
0.0203732
-0.5198134
1.0056456
0.1810472
0.1783336
0.0512084
-0.1113297
-0.1905582
-0.6969867
-0.6048682
-1.5468353
-0.4658549
-0.5230780
-0.5377609
0.1849111
-0.0241907
0.4343798
-1.7136089
-0.5085526
-0.5858198
-1.8712114
0.0097885
-0.9250204
0.4466300
-0.0497565
0.1335069
0.0725222
0.1888234
0.1404774
-1.6970217
0.1770597
1.0092993
0.6170484
0.2130571
-0.5779453
0.5839861
0.0847060
-0.5858926
0.4152540
0.6701659
1.1019030
0.0714493
0.8392339
-0.1913591
0.0692489
0.0878697
1.1199641
0.1882034
-0.4647143
-1.1931625
0.1204548
0.0009695
-0.3802353
-0.5821596
-0.1168118
0.1674722
1.0370512
-0.0784789
0.5889190
0.0001056
0.8183490
0.1914378
-0.5497686
-0.5300803
0.1906559
1.0295963
0.3334853
0.1222908
-0.3789100
-0.0770986
-1.8534183
-0.8065519
0.1805693
-0.7229737
1.0083552
-0.3978254
0.0003800
-1.8683635
-0.9528278
0.2812641
1.0025086
0.1213598
0.7011972
-0.1996236
-1.8679201
0.1375215
0.8203908
0.9854569
-0.3031667
1.1035556
-0.1093542
0.0103426
0.1079810
0.0801283
0.1707770
0.6044839
0.3426724
-0.8527074
0.0686622
0.1158676
0.3675985
-0.5665129
0.1731909
-0.4531838
0.9331391
-0.0528985
-0.8619726
-1.8413007
-0.2647107
-0.1476446
0.9968884
0.1914659
-1.1503893
-0.2977248
-0.5702516
0.0000131
0.4817733
0.8933007
0.0994250
-0.9570807
-1.6444752
-1.8440021
0.1675204
0.6616279
-0.3106298
-0.5687738
0.0006861
-0.5442532
0.1900352
-1.5696527
-0.2216231
0.4325868
0.0132029
0.0765644
1.1207624
-0.5850308
0.3496049
0.3512443
-0.3657074
0.1922709
-0.4819397
-0.3939811
0.8853003
0.9653140
0.6143824
1.1081044
0.1737060
-0.4314915
0.9459597
-0.5821817
0.1912872
0.6870560
-1.0119347
-0.0666840
-0.5858925
-0.0686416
-0.2050640
1.0508866
-0.5313254
-0.4637452
-0.9146401
-0.2522287
-0.4716384
-0.3861786
0.1895046
1.0967235
0.9333855
0.1832834
0.1876133
0.0379729
0.7440040
0.1830742
-0.2311127
0.1082255
1.0733226
-1.3148112
-0.0529931
0.5830665
0.9356383
-0.2875988
-0.0292374
0.3810266
-1.5332341
0.0034340
-1.6847439
0.1589636
0.1567891
-1.7922924
0.1541933
0.4004007
-1.3046832
0.1554656
0.4205701
-1.7462255
0.1856201
0.1637868
-1.7591726
0.3914598
-0.0201249
0.0752199
-0.5248798
1.1303105
-0.3157067
0.1640893
-1.7009238
0.0508513
-1.6374466
0.0938331
-1.7423174
0.3217079
-1.8000790
-0.4414708
0.8208479
-0.1850540
-1.1718934
0.1168567
0.0786822
0.0197835
-1.5086044
-1.0596325
-1.8716709
-0.3838482
1.0860793
-0.4631961
-0.4829048
0.1070339
-0.3725402
0.7134753
-0.3998227
0.1777949
0.0364916
0.1296659
-0.5732323
1.0463568
-1.6434792
0.3193028
-1.8110778
-1.8609326
-1.2939620
-1.7424378
-0.9812149
0.8463468
-0.0374790
0.1628029
0.1307622
0.0112802
-1.8492815
0.0176069
-0.2501668
0.0838978
0.1912270
0.1914819
0.6160912
-0.2971847
0.1837080
0.9717784
0.0533383
-0.3400741
1.1305582
0.0021290
0.1529150
-1.0298808
0.0034267
-0.5355193
0.3908223
0.6813853
-0.4907736
1.0332521
0.0656567
-0.3177188
0.0260426
0.1089885
-0.4728131
-1.0546042
0.4040953
1.0719410
-0.3241639
0.9815574
0.1896703
0.1914071
-0.0863678
-0.5473297
0.0175068
0.6465481
0.2292488
-0.5151780
0.1890165
0.0954971
-0.0063678
-0.4207130
0.1905703
0.3696804
-0.7653747
-0.4228709
-0.5859134
0.1559449
-0.2314004
-0.3986140
-0.2675064
-0.0762155
-1.4800935
0.1519862
-1.1955487
0.2363291
-0.1644770
1.1313183
-0.5508308
0.1897607
0.1108611
0.9821593
0.3033919
-0.2347557
-0.3300121
0.1901256
-0.7172785
0.1957749
-0.2891902
-1.5348797
-1.8362432
0.0017726
0.0955925
0.7824458
0.4199460
0.7990935
-0.3439798
0.0474146
0.5301589
-0.1384543
0.6137306
0.1911198
0.1852934
-0.1299776
-1.8590295
-0.0373816
0.1610328
-0.3206787
0.1554088
-0.0627029
-0.3938263
0.0473530
0.1755690
-0.4612634
0.0235501
1.0479249
0.1734921
-0.5736373
1.0222916
0.9992522
0.0247383
-0.4299371
0.5569066
-0.5302969
0.1461532
-0.3937956
-1.5419123
0.3044003
-1.8270463
-0.4104799
0.9563878
-0.5631025
0.1802070
-0.5831102
-0.5654103
0.8665412
0.3654077
-0.5749079
0.1435009
0.8592793
0.0847481
0.6767115
-0.5459617
-0.2093671
0.0544989
0.1507167
-0.0709028
-1.0004745
0.5524819
0.1831063
1.1312089
-1.7862773
0.0809031
-1.8716380
0.7779613
1.1032047
-0.2709604
-0.3326126
-0.4818331
0.6064778
-0.1263272
-1.7667302
-0.4247915
0.1348607
-1.1957799
0.1854844
-0.5715738
-0.4393852
-0.5833741
-1.7021721
-0.2649377
-1.3216454
0.7239656
0.0351103
0.8600558
0.7574453
0.6554492
0.3093279
0.1892268
-0.8199190
-0.1293865
-1.7929591
-0.3827878
0.1818235
0.1914939
-1.4939919
-0.2299270
0.0486742
0.5169778
0.1877013
-0.8210647
-0.7415885
0.1518961
0.6083901
0.0541010
-0.3805308
-1.8498032
1.1183738
0.1267543
-0.4649986
1.1184585
-1.5836158
-0.5595133
0.0471652
0.7951367
1.0985720
-0.4421454
0.1639418
1.0515086
0.1764927
-0.8834044
-0.2581055
1.1265509
1.1283959
-1.2878643
0.0908391
1.0214134
0.0942446
0.3496076
0.0454678
0.1898443
-0.4959819
1.0950010
0.0265816
-0.3636274
1.0207541
-1.1532010
-0.0714551
-1.8708528
-1.2109274
0.1544323
0.9705963
0.1546830
0.0772722
-1.5551340
0.9997197
-1.5783993
-0.5851617
1.0174944
-0.2991521
0.1903732
-0.0457337
-0.6486204
0.1879648
0.1881029
0.8942777
-0.5155945
0.4653035
-1.5845201
0.6814423
-0.3882529
0.1397266
-0.4315558
-1.5475367
0.6416450
-0.0827090
-0.2167585
-0.0591549
-1.8660351
-0.5685939
0.0025406
0.0178405
-0.2538279
-0.9912260
-0.4636145
-1.3939721
-0.2298044
-0.0592370
0.0000403
0.0422729
-1.7575178
-0.9888340
0.1914058
0.6836147
0.5944281
0.1301230
0.8900109
-1.1644992
-0.5843864
-0.5202412
0.1406033
-1.2704305
0.0654562
-1.6280727
0.0008304
0.1220283
-0.5741105
0.3045628
0.2418818
0.0872422
-0.0139924
-0.0533534
-1.3348765
0.0767553
-0.7067497
0.3972014
0.2088016
1.1297657
-1.4139371
0.0720410
-1.4972275
0.1025120
-0.5275187
0.1968814
0.0935240
0.9423371
-0.2637038
-1.4156489
-0.1764884
0.0959184
-0.1061431
0.0972712
0.3694224
-1.8589668
-0.3004371
0.5286454
-0.1852934
0.1666326
-0.8065453
-0.5856483
-0.0090447
0.0596512
0.0056740
-0.2547884
-0.5216584
0.6510753
0.0820588
0.1108275
0.1259538
-0.4463429
-1.4028098
-0.5599549
0.1787939
0.2805719
-0.5354982
0.0361336
0.8990269
0.0799632
-0.4706346
-1.0942020
-0.0693863
0.2633957
-1.8614395
1.1074094
-0.3131565
-0.5046202
1.1164530
0.1361470
-0.0917254
0.1899981
-0.0082610
-0.4862326
-0.5834289
0.0004471
0.0072019
-0.3471070
-0.5789875
0.1076069
1.0057855
-1.5289590
0.6358470
0.1118064
0.1883793
-0.5837867
-0.1814210
0.3768273
1.0577982
-1.8556958
0.2044329
-0.3169508
-1.8709564
-0.5709991
0.0059421
0.4497859
0.1844897
1.1255116
0.1891833
0.0166368
-0.5832862
0.1842694
-0.5823902
0.6465759
-1.2774961
0.0652133
0.0165792
-0.2917955
0.1451582
0.4180825
0.0377408
0.2047260
0.0052415
0.9894060
0.1515154
0.8695179
0.7614018
-0.4281323
-0.1651402
-0.7791940
-0.5706780
-0.4748020
0.2565461
-0.5852379
0.1813411
-1.1023786
1.1162878
-0.5491440
-0.4438660
0.5917881
0.0824493
-1.8092095
-1.7244965
1.0556650
-0.5857652
0.0025753
-0.1701380
-0.7351543
-1.8455810
-0.8076164
-0.2000228
-0.5643240
-0.3856426
0.1239597
-1.7935097
-0.5434155
0.9969783
-0.4770699
-0.5719897
0.9857594
-0.5852874
-0.2994497
0.0000388
-1.7962209
-1.5169273
0.1616490
0.4563897
0.0063085
-1.6260054
-0.6228614
0.0898041
-0.6856033
0.1884966
0.3522944
0.4586455
0.0155445
0.1600136
-1.2467874
0.3425155
1.0845973
0.1709941
-0.5850902
0.1501120
-0.2917583
-1.8210505
1.1238906
0.1580419
0.1828119
1.1241660
0.0817644
0.0063960
0.0059237
0.0494147
0.1016375
0.1706800
0.1816041
-0.5827803
0.0303296
-0.8735466
-0.0356641
0.1147821
0.6546966
-0.5491339
0.2038124
-1.8697727
0.1888467
-1.5071584
0.9781913
1.0255053
-0.4443162
0.1907887
0.1912183
0.1672136
0.9013819
-0.0665085
-0.1577243
0.1137648
0.2537964
0.1082471
0.1691956
-0.2833860
-0.4532135
-0.2931446
0.8967281
-1.7716850
0.0943811
0.3606945
-1.5518518
-0.5809898
-0.2957120
0.9393105
-0.4502612
-0.2688673
0.0093717
-0.4331569
-0.7192553
1.0031249
-1.5190858
-1.1402863
0.0157469
0.9686704
0.1598945
-0.4759971
-0.4438519
-0.3496144
0.2159129
0.2536792
0.1323083
0.9808483
0.0221197
-1.5839998
0.4042820
-0.5848345
-0.4129784
-1.8657075
-1.4230357
-1.3735168
0.0648368
0.0826411
-0.5845944
-0.4626028
-0.1178912
0.1449195
0.7507085
-1.8498795
-0.4203860
-0.5803298
-1.4689623
0.1250943
0.0693461
0.0717544
0.0091820
-0.5849318
0.1640863
-0.7928056
-1.5364942
-1.7269319
0.9345343
0.1907488
1.0984573
0.0276623
0.5060655
0.1903679
-0.4173568
0.4071101
-0.5736750
-0.2643906
1.0691271
-0.5588450
0.0289821
-0.1226721
0.3260631
-0.6965357
-1.6332719
-1.3892441
1.1271487
-1.3792417
-0.1081902
-0.3479757
0.8731201
1.0338906
-1.0625653
0.0001549
-0.1105037
0.1769343
1.0583629
-0.4903309
-0.3085536
-1.6786847
-1.6943348
0.1876285
-0.0242190
-0.5401555
0.1300571
0.0124907
-0.5306056
-0.2158351
0.0676051
-0.4327207
0.4706703
-1.0654073
-1.8674750
-0.5184927
-0.2389198
0.1059694
0.9751698
-0.0831357
0.0063391
0.1417260
0.1541527
-1.8502223
0.0301548
0.0638031
-0.4128884
0.7496398
-1.6339266
0.5676256
-0.5178684
0.0029456
-0.5379564
0.1911127
-0.5334519
0.1055946
-0.1158348
-1.8709900
0.9691383
-0.3860802
0.1914147
0.1913210
0.0857796
-0.5855710
-0.3654496
0.1342036
1.0323587
-1.3269670
0.1785353
0.1617172
0.1736002
-0.4432391
-1.6580314
0.1504157
-1.8717169
1.1120110
-0.3456159
-1.2748856
-0.0272619
0.1706922
0.0627879
-0.5487796
-0.1060133
-0.0124429
-0.7539100
-1.8460185
0.1561616
-1.6784706
0.0328987
-0.3358435
0.0874733
0.4323609
-0.5858944
-0.0264476
0.0794826
-1.3218401
-0.1961869
0.1691862
-0.3088895
1.1316647
-0.7608203
0.1019450
-0.1891971
0.1616116
-0.0917106
0.9770997
0.0609514
1.1319592
0.0015730
0.0075502
-1.6334011
-0.5321624
-1.7734835
-0.5764802
-0.1233443
0.6444608
-1.7705217
-1.8467935
-0.3247649
0.2867569
0.0691306
-0.5219138
0.5699396
-1.8549520
0.9854188
0.0832872
-0.2391411
0.1714208
-0.8262512
-1.2957742
0.7782401
-1.8280902
-0.2665947
0.1260127
0.0121691
-1.5433534
0.0740850
-0.5690899
-0.3916452
-0.5607203
-0.2881290
0.0941323
-0.2172920
-1.3337225
0.1551521
0.0872167
0.0753949
-1.4851054
-1.1699448
0.0224271
-0.2180345
1.1289662
-0.5828628
-0.0995285
1.1294996
-1.5272976
-0.3573711
0.0086356
0.7172248
-1.4612656
0.9285160
0.9460512
-0.5516872
-1.8126090
-0.4038137
0.0634961
-0.4327785
-0.7765824
-0.6846912
-0.1881491
-0.4628465
-0.1330675
-1.7846070
-1.4589900
-0.5033398
1.1230191
-0.4613642
0.0400197
-0.5351956
1.1307270
-0.5737170
0.0220452
0.9980222
0.0054376
-0.4318323
1.1311080
0.1891717
0.0117709
-0.6473471
0.8416869
0.3411210
0.7828852
0.0665700
0.7448853
-0.7530314
0.1658973
1.1060466
0.9074708
0.0811449
-0.5378064
-1.8569494
0.1533854
-1.8394109
0.0364222
0.1828450
-0.5638838
-0.4816999
-0.5669191
-0.0754699
1.0938167
-0.4569607
0.0380238
1.1028914
0.1671373
-1.6133998
-0.8537317
-1.0529807
0.1908476
-0.5350539
-0.5776197
-0.2526283
0.8399077
0.1858303
0.1896189
-0.3126378
-0.4021538
-0.0905926
0.0295458
-0.4743215
0.1899662
1.1298726
1.1218063
1.0999674
0.7512007
0.1007188
0.1896981
-0.2092610
0.9917944
-0.5479178
0.0021309
0.1825605
0.7394272
-0.4883702
-1.1641444
0.6843395
0.4614977
1.0979291
0.1903765
0.9222109
1.0418428
1.0310439
0.1265911
1.0257883
-1.5469565
-0.5652101
-0.1660340
-0.1460886
0.1337773
0.0609936
-1.6633092
-1.0491096
0.1620728
-0.6876581
0.1730863
-1.5900885
1.1183003
0.1907686
-1.7823538
0.1683945
0.2547053
-0.0187507
0.0718598
-1.5906015
0.1754423
-0.8340326
1.0728828
0.0084069
-0.1590117
0.1018894
-0.2357236
0.3713714
-1.6947707
0.4914674
-0.5313025
-0.0583100
0.0790223
-0.5245127
1.0901475
-1.7366667
-0.9635957
-1.0304126
1.0262006
-0.3361451
1.0046204
0.7183357
-1.6890094
-0.2134599
1.0416167
0.0642489
0.0994293
0.1122638
-0.2817116
-1.7612587
-1.8660148
0.2347312
0.0899383
-0.3921518
-0.5207469
-0.6142197
0.6169835
-0.2082057
-0.5427080
-0.1913134
0.1894194
1.1002309
0.6678658
0.0114759
-0.5841819
-0.0981655
-0.5867621
0.9828091
0.0057169
-1.6525370
1.1318242
0.1694279
-1.7642772
-1.7606576
-0.9347008
-0.5840196
-1.5742065
0.6905031
0.5275422
0.3087886
1.1187054
0.0715581
-1.8716446
-0.3724209
-1.8632847
-1.6879389
1.1317046
0.3376760
-0.1471616
0.4579064
-0.2679966
-0.5848530
0.6300215
0.1785563
0.8597672
0.0333724
0.0415782
0.1726804
-1.6762319
0.1848740
-0.8784814
1.1273854
1.0193499
0.1861034
-0.0373541
0.0622312
-1.8530333
1.0518255
-1.7169172
0.1716403
0.1852621
0.9156458
1.1296051
-0.5177827
-0.0155120
0.0531419
0.0644055
-0.2065753
0.1745071
0.1140034
-1.2894405
0.9726652
-1.5282997
0.0125654
-0.4789908
-0.5336220
0.9215593
-0.3219309
-0.5819806
1.1266156
-1.8670244
1.0262626
0.0028483
0.1880222
-1.6427848
-0.1132016
-1.8642410
-0.7760203
-0.3700973
-0.2280969
1.0924237
-0.3983979
-0.4548110
-0.7465901
-0.2944995
0.2615587
0.7734920
-0.2011574
0.3713362
1.1268540
-1.3457975
0.1763267
-1.2037345
-0.0447134
-0.6320984
-1.5519001
0.0050880
-1.8596818
0.5774721
1.0940504
0.0142818
1.1251195
-1.8517433
0.1862864
-0.3977185
-0.4622253
-0.2079528
0.1607485
-0.2069733
0.9181408
-0.5791686
0.1351004
0.1117441
0.0448570
-0.4790419
-1.8716216
0.6137856
0.1476639
0.8376557
-0.4851948
0.1904458
-1.8467450
0.1882726
0.7441795
-0.5244831
-1.8515959
-1.8482601
-0.5694569
0.1844356
-1.3159684
-0.3053296
0.1241106
-0.7022646
-1.6136131
0.4514034
-1.7192170
0.9430838
-0.5051634
-0.5852545
0.6566593
0.0006150
-0.5853502
-0.2171241
-0.5589356
-0.2207289
-0.1663565
0.7383784
0.1253269
-1.8708947
0.0069194
0.1107082
-0.4492613
-0.5380668
-0.9982223
-0.3233129
0.1765607
-0.6692629
-0.4324930
-0.1266544
-1.8713446
-0.0111949
0.8522062
-1.8643218
-1.8665318
-0.5196099
0.1871377
-0.5847830
0.1868938
-1.7253304
0.6666697
-1.4082591
0.1406202
0.1476159
1.0668437
-1.7513277
-0.1152952
1.0880651
-0.3030171
-1.8710131
0.0012076
-0.0083895
-0.3414325
0.1538983
-1.5836820
-1.7882579
-0.0676100
0.7888701
1.0733197
-0.7836523
-0.4752267
0.1852911
1.1284412
-1.4258703
0.1239801
-1.7046780
0.1441737
-0.5859484
-0.4247114
-1.8195068
0.0160801
1.0601757
-0.3219161
-1.7544079
0.0013352
0.1899320
-0.4898587
0.0451801
-0.5771777
-1.5371819
0.6677476
-1.8215299
-0.3236736
-1.4494966
-1.8460538
-0.0390281
-1.8088167
1.1278247
0.1776679
0.0220196
-0.5467763
0.7552464
-0.3543260
0.3575656
0.0293042
-0.5644935
0.7929765
-1.1241992
-0.4028328
-0.2983547
-0.5831269
0.0217640
-0.1226462
0.1735884
-0.7860397
-1.3579245
-0.4391268
-0.3834121
0.1409882
0.0670557
1.1239026
-0.0689456
-0.6158668
0.0053400
-1.8655700
-1.3232357
-1.8714952
0.6597106
0.8936066
0.1788435
-1.8060717
-0.5843604
0.1914745
0.0701266
0.1262497
-0.5417099
1.0592980
-0.5857851
-0.5846371
0.0850133
-1.8097688
-0.4728392
-1.8158892
-1.8115938
-0.0710994
-0.1744529
-1.7216069
-0.1397544
0.0106223
0.7528656
0.8429707
-0.9949653
-1.5203282
0.1911436
1.0880248
-0.4503987
-1.4349510
0.1875317
0.8466230
-0.4625901
0.1840920
-1.3007774
1.0991157
-0.0268154
0.0080878
0.1178713
-1.6610749
0.1090575
-0.1683276
0.1277649
-0.5853968
-1.3600204
0.1355250
0.0602532
-0.5858349
0.0522096
-1.8714878
-0.3693541
-1.5174548
-0.0837001
-1.4471129
0.0293070
0.1445782
0.9462665
0.0791036
-0.5839959
-0.5596348
0.3057500
-1.8665263
0.9060122
-0.1176217
0.8806818
-0.2020098
-1.1219891
0.8161784
-1.2037532
0.5993173
0.1656110
0.6759217
-0.5762425
0.1056452
1.1295321
-0.0419114
-0.0201164
-0.3274662
1.1179655
-1.6774376
-0.5837774
-1.8717490
-0.5800061
-0.8390924
0.1892998
-1.6378487
0.9527572
-0.5849480
0.0225480
0.9205136
-0.5858642
-0.0321522
0.1714574
-1.3482432
0.9664819
1.0455518
-0.2800332
0.5230437
-1.7472117
-0.5835297
0.1594198
1.1268715
0.1685610
-0.5172959
-0.3723948
0.1246790
0.1430583
0.0038981
0.1880229
0.0496909
-0.4895581
-0.3876496
0.0165385
-0.4034488
-0.3118494
0.4036617
0.0798301
-1.1468099
0.1201913
0.1737597
0.0156836
0.0934786
-0.0045543
-0.5503027
0.1104464
-0.7643653
-0.4223668
0.1274474
0.1459666
0.7484064
-1.6276397
-0.0070628
0.0780869
-0.4276801
-0.1162738
1.0856006
-0.3047182
-0.9942513
-0.5543577
0.1914694
-0.2866850
0.2338569
1.0644228
0.0122280
1.0658966
0.4656333
0.0388778
-0.0260794
0.1328554
0.1301658
-0.9538143
-1.8581948
0.0088468
-1.2850856
0.1827574
0.0496509
0.9902408
0.0307484
-0.5616239
-0.5129643
-1.8678480
0.0169063
0.8840358
-1.6692267
0.0146435
0.0311212
0.3239640
1.0359888
-0.3267798
0.4693991
-0.4658549
0.3227535
-0.1849323
-0.1882640
0.0185716
-0.3573264
1.0287047
0.1690551
-0.0855058
0.1243172
0.0118177
-0.5423008
-1.8599476
0.1893157
0.5862028
0.5645644
0.1800417
-0.9799020
0.1387263
0.3836069
0.0402830
-0.5268742
1.0641148
0.0614659
1.1289073
-0.2418365
0.1770214
0.5248920
-0.1033671
-0.3252057
0.1789585
-0.5486141
-0.1581529
0.0599389
0.2672571
-0.5825302
0.0713640
-0.4412616
-0.5796441
0.1114993
0.1807889
-0.4062551
0.1914928
-0.4231082
0.1477572
0.1727313
0.0065110
0.1184562
-1.3494570
-1.4271311
-1.8689544
1.1180286
0.8050713
0.0725443
-1.8708823
-0.4582502
-0.2577396
-1.3415372
0.7951437
0.1376250
0.0239443
0.1115283
-0.1261286
0.0959677
-0.0080421
-0.5735593
-0.4656057
0.9045708
-0.3561354
-0.1792536
1.0704350
-1.0315648
0.8274328
0.2326438
-1.4378981
0.1720391
-0.4694878
1.0422161
0.6129474
0.1893058
0.0000227
-1.8716947
0.1194816
-0.5486906
-0.4319139
0.8793851
0.0075363
-0.0653945
-0.3642272
-1.6402945
0.2111067
0.1438515
0.7542592
0.0289121
0.5290145
1.0899112
-1.0539798
-1.6564254
-1.6130186
0.0036513
0.0147667
0.0981264
-1.7850198
-0.1369503
0.6431369
0.1819028
0.1200390
-1.8679807
-0.4699208
0.1279100
0.0763890
-0.5793124
0.1907014
-1.8164891
0.1067261
-0.4873425
-0.3395253
-0.2796724
-0.3819378
-0.3506299
0.0040995
-0.0657113
1.0961220
-1.8716106
0.1642772
0.1344168
-0.5798814
0.8240714
-0.9732473
0.1512674
-0.5102853
0.0790721
-1.8715846
-0.2580525
0.1670788
-1.8527367
-0.2729145
-0.5219223
-1.0761457
0.1784830
-0.5783231
0.1197489
0.0390380
0.1914916
0.1573684
-0.4810051
0.3554821
-0.6163051
-0.3337530
-0.5724015
0.1327353
-0.4278129
-0.6320758
0.6256651
1.0679275
-1.2813628
0.0592260
-0.1581198
