6.8275549
0.8702601
8.9121860
2.2790039
4.0275398
1.6014397
4.1640613
4.0911443
3.5810520
4.8087455
8.6687091
7.8913009
8.8725285
2.9548224
0.8847375
9.0715555
7.9955746
5.6793725
6.9672457
2.3542259
3.3987614
2.7271685
5.8003985
0.4803816
8.6582032
9.7435863
5.9640626
7.1710616
1.9939206
6.2543641
3.6704545
5.1671578
4.4380063
0.7029447
9.1540127
2.1168291
1.6661304
8.2878911
5.2574800
9.3546939
2.4199365
3.5245069
6.0294358
1.2049415
3.1763973
0.9489406
5.0332959
5.3408976
8.2612076
4.1896826
2.7650575
7.9464609
6.9568182
5.7505150
0.0868282
0.9502300
4.3217209
7.2806064
9.9054543
2.4410190
0.4161156
2.8515894
2.4603170
5.5238585
3.4201031
5.8180995
0.5316426
5.3384670
5.7340663
3.2073892
9.6404283
8.7375670
8.5669144
0.2652799
4.8833571
6.2103134
9.7463825
1.7798482
0.4308389
1.0364890
1.5265945
6.1108852
9.9135800
6.3700167
0.0216115
2.4723117
5.9328504
6.9757240
5.5597054
1.9463689
4.7518830
8.6811911
3.7316121
7.9525435
7.8606015
5.2558995
0.1970339
2.4508351
5.5531474
9.3927913
8.4171755
0.0281015
8.9174335
1.7427425
8.3971182
3.1978712
5.7082201
9.5403359
6.2503465
8.7381440
2.4599793
4.2597221
8.9387592
6.6983435
9.8930718
5.9522345
5.8950157
0.8257300
1.1765320
0.4428262
9.4000793
1.5932161
2.9330189
4.4002794
8.5673372
0.7546737
7.0062591
2.4465336
7.5756925
9.4104583
6.9585707
9.9333650
7.3975394
9.9350187
7.0258247
4.7900457
1.6835466
5.8000998
2.8294660
1.9334966
1.6946907
2.3211906
2.5299801
4.1328397
2.2130005
5.6614993
4.3034593
3.9331523
0.2159797
7.0468961
1.0326869
2.2686041
0.7657014
4.0768855
5.9264220
0.7330610
0.0420766
1.2608246
3.4153364
6.1266228
3.7408183
7.4652376
8.1203185
7.8594552
0.1601345
8.8272195
0.9486237
1.0696656
1.2162032
1.8705632
5.4456210
0.8998660
1.3559964
3.0553806
9.4146435
6.2774517
3.8770337
7.7986387
6.5147258
4.7565209
6.5171673
4.1221580
0.0557670
3.5047464
3.3435063
3.5162749
6.5329324
5.3564046
7.9481169
4.3515030
9.5768649
3.0031538
3.7491372
1.2271681
5.9435494
8.8570495
0.7994720
7.0151374
3.9274350
2.8956690
4.9212391
3.0384012
1.1536869
5.8871147
4.2126650
6.8184023
3.0902032
0.7930503
0.0151309
6.1316579
5.8173032
0.8608186
4.2815978
2.7353503
6.6027529
8.9410775
2.9536461
9.0532091
3.6520618
8.9052857
5.4328851
6.3571446
2.0387523
6.6877535
3.5235023
3.5367379
6.2665661
5.4398714
9.3262391
1.4178250
1.1753373
6.5595170
0.4800922
8.7730640
1.9745322
5.9465274
2.8765592
2.6615047
1.0732137
2.7355259
5.5122605
7.5408282
4.0724623
5.9702679
9.4992865
4.7150604
9.7960433
3.2090739
3.4186296
6.1122040
9.5573826
3.8888024
0.1805894
4.1303788
8.9956734
9.4252041
6.3470339
2.3476937
1.7612056
1.4903963
3.4739398
0.2602203
8.0897732
9.6835805
2.4486280
8.8940756
2.8782819
9.8990197
6.0246432
3.1317636
7.2584421
5.0956823
1.7982304
0.8995627
4.8627037
0.8858502
7.7238854
8.9818933
8.9863477
9.3853799
4.9324645
0.1602337
9.6719201
6.1061914
8.0938601
6.6182942
0.3769593
6.3219599
1.8572610
0.1118059
2.3332291
9.3008660
3.0055346
0.2704123
0.9654404
1.0746557
1.8762807
8.5808014
2.8097087
9.0011527
3.3306231
7.0943474
3.2567574
4.2777522
7.0918256
7.7091805
5.1421477
1.7763226
9.6293245
9.9957386
5.7155746
0.0953226
4.9297968
2.9664956
4.8435420
8.5628429
9.4753901
8.9347051
0.4344900
2.0746620
7.5402610
5.6636343
8.0227140
9.1143056
6.5200823
6.3769066
0.2071819
3.0774799
8.4251932
5.8822119
8.2136230
2.1111496
2.8965888
5.0547822
2.2330224
8.0779144
9.1449515
5.2336740
9.3869258
0.9692321
9.0664512
8.7030342
8.1797243
1.1164281
1.4550515
1.3621751
6.1203498
7.8863165
7.7095752
8.9324160
2.8305836
0.1986542
2.7248015
8.6052944
4.4044435
1.1655387
0.7593797
3.9058909
6.0428775
6.4282471
4.9893587
1.7266496
9.0602649
3.3549111
1.1846527
6.9812180
5.2439832
6.1628067
0.4867724
2.1344729
6.2455707
0.2419320
3.6196720
5.9840338
8.1917784
7.4819371
9.0315744
8.5002131
2.0260688
3.2423575
0.4441553
6.2754886
8.2258873
4.7564987
5.0764797
6.1912225
0.4882976
0.2222023
2.4146026
3.2785009
6.7363332
7.6081227
4.8137602
2.4315942
7.3706932
2.2920302
5.4485920
2.6266938
0.0761608
3.0480442
6.1678537
6.6052113
7.6894072
6.6125977
7.6635922
8.6000716
0.6445903
2.0843195
7.0307713
7.6150702
8.3354391
7.7509113
3.2718545
4.0115057
4.3672683
4.5864916
9.5918635
2.7129411
9.1196434
2.6257636
2.4329463
7.2080856
9.3001730
8.6967614
1.1135114
4.7134285
8.2421766
6.5818092
8.6654879
4.3514032
2.5837412
3.5767332
4.0043016
7.0064919
0.6629428
0.6312420
7.9196574
7.6408278
5.4737766
6.7787921
0.5412493
8.2824919
0.3496062
2.4021401
5.9120224
2.6438381
8.6757040
0.0311782
0.0926326
1.3838250
9.8797267
5.8325351
2.8242670
0.3974729
2.7087284
9.7258198
9.1929982
3.1972037
3.3735848
7.1492736
6.9673682
2.4449609
0.5264660
0.8979875
7.3219039
5.0006527
1.2342584
7.1707307
1.5127935
9.4715946
2.1206073
5.9868320
3.7379577
5.1792765
7.6715117
2.4724380
0.8922737
6.7039107
3.3341731
2.1658699
3.2197186
8.7238665
4.4860611
0.4546900
5.9677205
1.7362359
3.6109297
3.5324748
1.0650184
0.4264049
7.0907789
5.8511899
9.5728455
2.9486670
9.9075233
6.9454436
0.2002710
1.1865321
1.2453988
8.7177982
6.5280477
9.1805420
6.4948955
2.7996939
5.7513280
9.3430383
1.4812833
6.4404463
4.7301299
3.8234658
2.8755455
4.5271579
4.9274454
1.4444419
4.6928198
4.8012777
6.4184051
8.9979572
4.5431971
3.1129376
2.5699224
9.3727174
4.8720015
5.6420791
1.2187593
7.9777741
3.8114382
5.4157776
5.2169760
3.2342349
7.4627630
1.1640635
5.0672291
6.5259825
0.4378904
7.5819243
9.0364149
1.9319741
4.3116264
7.4030705
1.6146591
6.3068314
4.2704739
7.3414307
9.4776705
5.8330756
2.6912259
1.9192406
5.2140011
6.0374963
4.6423301
1.4759696
2.9947539
8.4457915
4.3732679
3.2402335
7.0918170
8.5437513
3.7419632
7.2472187
3.6916958
6.5198974
3.2274958
2.0970454
8.8055488
4.3836378
3.6851653
9.0748786
0.2420367
0.4846294
2.3232143
6.9914936
9.5881170
5.2031854
9.5152836
4.2533882
0.9339256
9.6382073
4.0099429
9.1344281
6.6814108
2.4882534
2.8583990
3.9963985
7.1923912
9.0030090
8.9537568
4.2937324
0.2602330
9.8765514
3.4599692
8.5980666
8.4303513
7.2604537
2.6058771
1.5911782
7.0482615
9.6939039
8.3295096
8.0002356
3.5799164
7.6796632
0.0800778
1.7871946
9.2275877
6.8788215
0.7198638
1.5545586
7.1555559
6.4539568
2.9154656
0.0926133
7.7434005
5.9594367
3.6676352
3.2686335
0.2006871
5.3592476
3.7012001
1.0464571
1.6053710
9.2468753
5.3213361
1.3252066
8.9692485
8.1484006
7.0397141
5.4988280
7.2873047
6.9091170
5.7838196
3.1635137
6.6938215
2.5956141
7.8249983
2.2379614
4.8266240
2.0894143
7.6955574
9.9118130
6.2918628
2.6048893
0.3125103
9.3005083
9.7252405
6.7333263
5.2853221
6.4601805
4.3616094
7.2966480
3.9572746
2.5041068
2.2533830
6.2884383
9.1148425
5.9626248
9.3192183
6.4865635
4.4967304
1.2413067
8.2579412
3.9408185
6.2439885
0.0575860
9.0287052
4.4706659
1.2548956
4.0739084
8.0768882
7.5522857
8.0430521
8.5958814
5.7762429
6.5307821
4.1444060
9.1667800
2.6613452
4.9625417
0.3786856
5.1651592
8.9403819
5.0743784
6.3429919
7.1002147
8.5068515
5.8202356
3.4000583
7.1999241
8.2097584
4.8228628
1.1209570
6.0998897
5.4953979
0.6070213
0.6517973
1.9661966
2.6998476
8.9624128
3.7962204
2.2234908
4.2497922
0.0186710
9.7402716
2.2098687
3.8203292
0.6713894
2.2934841
9.5430652
2.1019148
0.3673058
9.2797842
7.7578169
2.2446253
6.9384006
2.2840892
7.8621624
9.2764291
3.1688077
9.3452331
1.8608399
1.8331726
4.0850779
5.3831243
8.0068297
9.3915077
9.5794749
5.1578052
3.5674760
5.8619947
6.9076255
1.3803446
7.2295216
0.8781394
2.8459827
6.2302652
9.9177698
3.4081321
5.8512078
7.9814702
9.7649872
8.4195747
4.4327112
5.6984006
4.2460461
6.2434970
9.1312355
4.0364204
0.0771970
6.0124789
1.9905066
7.0651882
9.3817560
9.0887125
9.2156143
4.7310504
8.8363736
5.7513495
9.8309321
8.0842405
7.0374563
8.5785006
5.5820168
9.7189509
4.1651855
8.9377639
5.0700779
4.0090985
7.1729855
8.7901791
8.1642430
7.6698736
3.1931700
8.6160172
5.1059864
4.9349317
3.6248975
3.6868322
8.4017291
3.2113455
1.4584459
5.1367165
4.5937605
4.4592073
4.7902188
9.3267171
7.3062684
4.7400338
0.1957775
8.8498889
2.5824127
9.3878912
0.6535872
1.1904674
2.4600066
4.0794251
4.0500560
6.5291719
2.9775226
2.7137451
9.9468378
4.4776563
8.3587739
1.4603793
4.2542557
0.6286418
3.9937601
4.5932792
3.7300986
7.7242852
7.0148173
1.8011228
4.8109321
2.9738490
4.7613402
8.5489261
4.1834550
2.5927547
8.2329939
0.7632430
1.7163225
6.9886191
9.7504712
2.6229957
9.8982515
5.1858856
1.4744884
1.5602453
7.7661103
5.0591822
4.1778590
7.7099763
1.4570863
6.7365488
3.7221193
5.9952368
7.9819183
0.1371951
6.0593280
7.7937404
3.5915667
4.0244685
0.2612923
5.7042982
3.1975909
3.1832170
3.0726244
9.3162237
2.7068857
2.3717621
7.7906662
2.0821070
1.8443301
0.5522010
4.8944609
9.4041330
1.0622811
6.5687757
1.7765947
5.8663732
2.4737451
7.9225669
4.1758691
5.1802515
1.3964429
7.5817808
2.4654037
9.8576525
2.0578807
9.8704130
1.8199181
8.8858989
8.2869268
5.3940950
6.4675677
0.7510969
7.6052845
6.6904341
4.7258657
6.0411131
5.0326425
0.8321864
3.3278493
8.5567063
1.1321782
2.5651046
6.6638003
6.3691139
7.3484723
1.7283275
8.9954622
4.5846443
0.5277923
1.6836915
5.4438414
9.7116098
7.6610877
1.2713568
0.6083218
1.4721790
1.3529296
1.4126595
2.0439559
1.6615149
6.2950254
8.8971170
9.5054448
1.2288131
7.1108182
4.1190283
9.8604555
6.1396318
8.3380834
6.5701250
1.8815607
9.7761640
8.0293164
1.7482488
4.7452388
4.6418707
7.4751008
5.8080418
8.9979974
8.9591596
0.8935344
9.7581564
8.9938373
4.3835601
0.5791851
3.3005026
1.3639049
9.5051067
4.9679319
9.5105684
4.9483301
0.0674163
9.3494471
5.4738688
3.8018776
0.9072009
1.5469559
0.7220822
6.3791901
6.5017324
7.7843078
4.8534661
0.8120371
6.7090353
7.1732821
8.0756423
8.3101214
1.7953492
6.7794387
3.5748707
4.1486430
6.1666746
3.0627207
8.5944370
8.4499547
3.3559712
9.6393990
1.8958045
7.0232869
5.7648538
5.7748489
8.8796843
5.8956594
1.4183890
4.7920298
2.0602052
1.8487381
6.5638653
6.6684354
3.8138738
5.2705366
7.3291732
4.4946727
0.3660302
0.9375003
5.8536986
0.1807154
0.8310252
6.9616555
6.3143984
0.8212694
2.7883576
2.0691428
4.0919911
3.4695817
6.3555240
6.6205956
6.9569634
2.7194082
2.0093514
3.3404690
0.6023569
2.4577535
3.5111017
9.5915562
2.1100677
0.4263809
6.2066440
4.2125833
4.0096529
1.8179848
2.7015173
8.4308980
8.4734089
6.0333082
2.4517093
2.1689226
5.8887468
8.9383752
9.1645074
4.1821761
4.5586611
1.4864025
0.0697793
6.8983076
8.6033475
4.4068461
4.1005646
4.5707306
9.2707983
7.8144227
1.8128747
6.4170855
0.8114620
4.0538447
8.4781072
4.7818939
5.8318260
1.8713918
3.1975058
2.0444198
6.6140416
0.0923370
1.1166033
8.9868788
8.2734810
9.3836329
2.8586094
1.6447923
6.8233769
1.3941548
5.1492120
3.2804108
0.2254647
5.5901909
9.2712850
3.0517806
3.3278093
5.4417559
9.4665034
3.1941650
8.2257702
7.2656988
1.6918889
2.0871703
0.0293152
6.9944639
4.2428193
1.4500713
4.2796677
2.4147551
5.6700534
2.0894687
6.3305318
1.0082468
2.1468394
4.1175513
4.8939085
6.4268695
5.9831891
4.3658798
1.6477812
9.8480974
9.3379135
5.8387464
6.3127119
5.9810449
2.3450377
1.4818036
1.9266599
7.3320815
2.8497218
7.2858037
8.1820961
4.4890549
5.7398329
7.8019216
1.6367531
4.6461104
3.4628294
0.5142792
0.3691176
5.3664789
5.7336351
4.1969331
7.2220379
5.6685047
5.6676920
0.3767201
0.1625795
1.9205609
1.6144018
6.3300028
0.4835379
1.7434121
8.8196796
2.6604938
9.5817718
5.1439498
2.7123550
8.4369819
2.8707912
8.4421385
6.0876800
2.1139185
5.0198064
3.2033869
5.7522094
7.0144679
4.1586926
9.3514560
0.2978420
6.0247652
3.9481109
8.9124030
9.5888233
1.3297625
1.4862770
4.4279540
8.2740249
1.5151896
5.9086398
3.9770855
0.1778356
0.1667917
7.2340016
2.9574889
7.7765121
7.2171539
7.5203690
1.3039790
1.1328494
6.7220504
6.7160942
3.6588017
3.6405565
2.4924113
3.7266359
9.1591843
7.7207265
6.0646337
9.1645233
6.9703630
2.2163156
9.8611004
0.0098853
3.4677145
4.6465556
2.0744188
7.9811610
7.0595062
5.7117413
8.8030265
2.8003851
7.0421723
0.4798538
3.2724562
8.7346940
3.5929142
0.5399865
1.5956839
7.8054762
7.0298115
4.0735689
9.4576390
5.8788495
5.8075225
6.2728897
4.3530819
8.4859141
4.3670454
0.8274384
3.5637047
1.6684971
3.9208974
4.3021035
8.9294434
9.4058703
1.5304633
9.1472754
5.6506409
3.2501872
5.4201559
7.8094251
3.8518297
1.6831516
7.3734178
9.9517363
8.4445500
6.4036940
6.2684880
7.1478935
4.9457611
0.2662033
0.3372471
4.5781378
6.3400382
6.9111183
9.5683432
7.2352178
8.8178927
5.2644560
3.8261931
8.9388855
2.2791938
3.0301181
6.7203454
6.0610941
4.8598075
2.0585789
0.0350776
4.2800734
9.4212126
5.0478284
8.6169973
5.9099793
3.9369914
7.4172058
1.0188003
7.3938188
7.0167365
0.3920296
6.9102375
1.4008797
4.4270505
1.3466890
8.2927219
5.6358973
2.4009651
5.2761321
7.8919133
0.9457198
8.7712340
6.9004523
4.7529906
4.6002351
3.5196067
6.3545348
4.0262295
0.7278513
6.2033256
2.6744980
5.2058799
8.8018264
8.9017259
8.3649231
0.6732387
2.8022683
9.8199666
5.2156353
4.2951967
8.2196355
4.4935550
6.2340671
8.0424338
1.4190871
8.6564695
1.0689904
3.1168236
6.0510462
9.2673287
2.6236849
0.9155046
4.1718558
7.9321901
0.6913607
8.3094566
5.5294220
4.0192076
4.3929298
1.1773234
7.0722561
3.1295159
8.9569784
9.9106024
6.1563399
0.2703477
3.9540672
0.6942197
5.1527588
6.0705357
9.4822406
6.7668970
2.2000577
8.6851857
3.9979026
4.5786074
2.6987950
3.6554533
2.4959747
0.7878078
8.8117810
8.9209955
6.5655222
7.3790275
9.7120082
2.4268052
8.4817962
3.8317817
3.6112898
5.3227842
9.9429099
7.2346684
3.7061463
4.6235472
2.3191259
3.5139028
4.0934873
5.3775855
9.3550042
5.5334255
8.4371586
3.8890723
5.1494239
6.7241206
3.7074355
0.3422159
9.9357524
2.1125638
3.6690598
1.2972213
3.6942092
2.1451129
1.9594374
9.9585552
2.9507325
8.5410464
2.5771214
4.8603482
9.2514216
5.5588432
6.3917302
5.6704146
8.7488988
4.5225882
5.8899570
8.1835054
1.0966919
4.2308794
6.7883511
9.2560528
2.4200154
4.9585028
4.3720594
6.4288078
1.5160809
9.1615321
4.4597381
6.2904050
0.6343434
7.7093991
3.7483563
0.2540418
2.1968522
6.4928761
1.9576302
6.3510863
0.6411380
4.5947944
8.6723439
0.8895792
4.2028381
1.8607213
1.0718253
4.3822313
4.9025245
0.6697050
4.8393624
2.0176581
6.2609640
3.9805877
9.4603636
0.1302345
7.3393114
9.3172763
0.8465758
6.6180966
8.5854912
6.2567560
8.7646950
5.0654507
9.6653043
3.1965157
3.9012176
9.4444985
1.9665434
7.7034497
9.5613940
8.7039217
8.7866847
3.5841909
5.9786671
8.2950143
4.3494764
6.9672144
1.0019866
8.7431883
8.7430131
3.1499551
9.5319153
9.7417213
9.6316569
5.7395545
5.4924475
1.9262531
3.1664214
9.7037626
4.3539866
7.4826833
5.9032091
0.3488934
1.2639354
5.0477545
6.7355557
0.9546373
9.6948763
3.9807556
2.8582945
2.8209154
8.1863247
8.0164145
6.6008337
2.8198548
8.2345672
8.5531920
0.6034867
5.1963550
4.6760969
3.3878256
7.2575779
6.3236040
1.0136878
7.5761237
4.5898025
3.3952956
6.0501561
9.2816337
4.8435853
0.6241879
4.9233754
4.9679667
3.8949537
9.4170371
7.1771305
5.0971867
9.3377003
2.2088258
6.8559047
3.6158233
2.5823805
3.1646003
4.7777187
1.9417039
5.6359509
2.7951223
1.1176454
0.9089380
6.3636296
7.6829253
7.2256499
2.1850358
6.9818096
0.9782636
9.2059129
4.0432737
9.2906404
4.0998293
2.2008146
5.0550704
6.7271433
5.1630019
3.5512717
3.2612663
7.7044996
5.0587874
5.0461321
7.6878528
6.9004152
7.8194956
9.3268560
3.6908241
1.1672287
7.9325937
3.1797145
3.5464795
4.5586986
3.6020613
0.9262688
8.9476320
2.6031670
1.6069718
4.4138917
2.6228286
9.4000679
6.3699051
2.2116236
2.1648240
2.3765096
3.1231937
9.5326602
0.3361903
8.6129272
2.6488944
2.1332900
2.6140876
3.5315682
2.9687670
1.9791154
4.5428588
7.4388404
1.5734304
9.8229040
8.5822577
7.9223118
0.3052607
0.0044332
2.5707485
6.4254253
3.8474870
5.7612105
9.6674718
5.4577520
1.9223234
9.1299610
2.6930978
8.8458716
4.7638778
8.1222954
4.1589382
1.1897380
1.2069611
5.2739826
6.9553220
4.2616502
8.8208105
5.8957721
9.6643875
7.4697181
5.9171382
1.3947178
4.7690772
6.7049715
5.9747975
2.8884847
7.6492671
0.9010360
6.0487603
3.0011188
9.1876006
8.4575570
2.0689787
9.2072906
5.0517404
6.3133207
5.5851038
0.3830295
0.2763858
2.9022897
8.4759220
9.3244846
8.6375549
2.4855335
4.4177544
7.9122656
2.4932579
2.4242986
8.4939665
8.3274267
0.2588412
6.8442345
9.2281167
3.2661806
5.4919119
9.8380479
0.5361649
0.4539364
3.6809040
8.8636334
4.6185585
1.9252792
0.2629738
4.3169877
0.6508932
6.5150173
6.1410704
4.3939817
8.2822499
4.7964433
5.0266495
5.3023314
9.4131863
9.3064718
0.3036548
5.6448744
6.5007624
9.3133265
7.7910225
0.3675215
0.7258652
8.6109709
4.7751056
4.0500220
8.7584885
6.8654891
4.9900644
5.5149461
2.5695159
9.8921405
3.8433943
5.7400516
2.7629455
1.9078269
8.1154197
8.8814693
2.2403833
3.2822260
9.6057107
1.8499066
3.6600260
0.6018622
2.7560261
1.3293368
1.1152427
1.9648992
2.1485261
8.3874007
3.7332558
9.3404573
6.9596360
9.8990216
6.4823119
1.5547698
5.9440875
2.8894930
1.3761250
6.0075138
8.3302991
2.6005684
0.4772648
4.5751619
3.1274043
7.5928451
0.6265510
9.3242186
1.7758694
5.5200031
8.6634108
6.6357216
6.8177912
1.3452223
5.0525393
4.1334018
2.3195988
5.7173684
3.2951021
3.4114144
0.1490291
4.9843040
2.2781022
2.9735655
9.8898819
5.8929465
8.8034295
0.0244776
9.1722069
7.4104603
7.9384987
6.7941502
5.5022093
9.2982342
9.5432727
6.9308900
0.2953055
2.0800649
0.3538597
0.1635976
0.7473991
5.8682304
2.3407640
8.9129186
5.4235891
6.1458998
9.7102567
8.8217735
5.0001625
3.0516004
8.8802301
6.2793087
0.4648632
6.9712178
8.0372821
9.9283146
7.2620708
7.3152784
5.4696751
9.8746787
5.3636642
3.2440262
8.7711993
7.8584605
2.0529824
4.8000706
0.2238639
3.9996787
6.3284408
0.4181507
7.1927270
0.8979325
1.2649957
2.1038221
0.2040718
3.8434805
3.4157942
2.7076454
5.5285189
6.6884246
6.3929887
0.6687103
3.5535625
6.5301593
9.1358314
6.3611094
9.0054044
6.7752642
8.0558072
0.7492254
4.1678542
7.3805276
6.2427047
1.4424738
1.6464482
3.1088128
2.2221657
3.4374032
8.9388397
5.4909880
5.3743903
1.8448196
3.0978942
1.8511597
5.0553226
1.7218711
0.1118208
5.2309631
5.7057744
5.7637917
0.2760575
2.3396796
0.7905917
4.0572694
7.7945210
2.7604686
4.2791067
1.3571695
0.1232226
1.5590116
9.5597545
6.4206117
0.1571377
9.1693897
2.1758857
4.8171578
2.2616152
6.9730229
4.5764324
1.3311463
1.3624959
4.3400235
8.1942360
0.5819582
2.8345052
3.0683221
0.5964850
4.8102807
9.7653699
8.1344521
3.1958416
5.9131879
3.3235094
9.4608811
8.0674948
4.7581327
1.4200293
8.0083060
0.7864970
4.5657032
0.6311494
0.9173317
9.8814011
6.7232683
6.4350764
4.6524820
2.4943406
6.7763946
7.2177335
2.1424949
0.1443463
5.5421938
8.2146377
9.7643778
8.1098288
5.2985129
2.5816209
2.6847112
6.8777954
3.8251574
8.1249664
2.5502057
4.3515175
9.7080906
9.8719331
9.8105295
3.0649943
0.7648304
0.6255273
4.0599474
7.5217117
3.7090204
3.9227727
9.7003175
2.9568259
7.2444241
6.4036181
0.9565140
8.3160451
2.6633534
9.4980158
9.8163608
3.0511286
5.7218096
3.5515946
2.8206711
9.4510524
1.0733801
1.0357357
7.7950078
9.6595402
5.8661999
9.3257613
9.5932948
9.2737987
2.2420542
7.6813242
4.7144238
7.4759269
9.4239583
7.5259887
8.2565171
7.0176266
4.8383265
9.8983722
3.0895215
6.0604631
0.2900958
9.0351210
0.3553279
7.8680830
3.5939466
6.4463698
2.4456224
3.6534227
8.2620191
5.5572372
4.4611915
8.5030904
3.8582968
3.0142925
7.8224208
0.2327442
7.4520908
9.0938249
0.1792432
6.2714225
2.2378214
6.2991313
9.0598035
4.2294343
2.8355683
2.1969346
2.8006273
7.6735493
8.0466136
9.8184333
1.2170956
9.8148695
0.9104793
6.5383717
0.2015395
4.3089120
2.7947204
0.2459135
8.9772910
4.1740595
2.9459980
9.8339921
6.0905356
6.9536918
7.4407322
5.5591988
0.3878300
6.6789365
1.7958863
3.6621632
6.2056685
0.9331328
9.6352147
8.7887707
7.7894869
4.3757291
5.7535588
7.2154509
6.5630192
8.4524854
5.6815499
3.6571643
6.2849321
0.7004888
5.4253393
4.5245989
5.3581787
6.0506284
4.4407454
0.8974908
2.5985287
6.8368247
2.0984653
5.1938580
2.6222494
7.8404354
2.9067769
6.5403420
9.6789256
7.6299164
8.5804077
1.1867324
4.2339232
7.6999455
5.6790257
5.9581430
4.8960145
6.4708602
5.9860657
4.7012032
9.3892037
6.0784044
3.0583714
9.9560108
2.1838044
6.0654171
2.4494009
4.6734905
3.1303301
9.5812341
4.9935072
1.6981876
0.9807877
4.5012225
2.2360718
1.9494206
8.0354686
3.9979968
0.6040350
5.7591057
7.3193491
8.5275192
6.2336317
5.6624555
1.6707344
3.9374140
5.5069067
3.0881485
4.9157867
8.4614786
7.2958529
5.8574515
8.9061021
4.7335042
1.6727723
8.1771724
6.6125072
1.6351696
6.4177398
9.8992085
0.6967735
4.7869008
7.0387976
7.2198476
9.0239535
3.7972420
8.2177918
2.7048692
3.4315602
9.0054136
4.6045133
8.5518837
5.7378337
0.3833813
6.7040805
3.3392371
5.4498448
6.5078954
3.2372613
9.1612026
6.9232076
2.0696033
4.8007028
3.0120677
9.8286861
8.2554780
4.9137957
3.5571176
5.6969971
1.5224456
3.6111728
2.0164040
5.0416253
2.7742366
5.6246042
3.7875866
4.1004824
0.7601230
9.8953136
5.6470116
7.5907612
0.6333503
9.6675130
1.8935979
4.0373449
1.0387060
2.7362133
1.6379796
3.2136540
0.8428151
9.5571343
8.5897511
1.0248223
9.6773864
2.8738073
4.1585497
5.7666191
4.8347785
6.2767231
4.4600993
1.1095341
0.7368941
0.6816491
1.9062347
5.3859776
6.1925512
7.0990021
2.4583100
3.7995445
8.9651217
1.2634301
0.3362899
0.0288214
6.7913648
0.7025199
3.0012120
6.3642219
8.9240291
7.6458162
0.5665987
6.9948577
2.5149335
1.8101032
5.4447871
7.3534605
3.7118795
5.5441580
9.9970375
3.5308967
4.2118853
0.0759667
2.2316711
9.6878214
0.1948790
5.6776397
2.1823783
8.1195405
2.0561219
0.4480436
4.4992265
6.1711632
0.1622762
2.1104293
5.9977959
6.5536421
3.9751742
4.7320947
0.4372480
2.7773172
9.3189849
7.5953938
6.6360390
9.3980900
1.3106111
6.5841679
0.1843650
7.5623747
8.5297982
9.3969369
3.4753291
9.9404870
7.3745689
4.6579595
3.5522030
5.5541459
4.2292464
1.5695291
2.3570496
4.2322820
7.0664587
1.1336491
9.3663658
2.4703563
7.4111709
2.1684851
2.3122876
7.3219185
8.2139193
5.3547645
7.7133020
2.6171376
3.1120714
6.3695582
9.2762894
2.2815626
7.8020740
4.7996422
8.8821173
8.8193825
4.8022883
8.9739074
1.8298958
1.1289715
8.7551574
8.1140448
5.2903955
4.7345198
0.5990876
2.2750058
6.5070161
9.2460680
5.4345704
7.4314985
5.1830920
2.4012761
0.7157050
7.7640478
2.7072036
7.3957790
8.5174313
9.7079127
9.3935592
0.3749852
8.0604160
2.6504211
9.7523991
7.9387062
2.4196798
9.2970442
4.9557696
0.3010067
6.3996921
4.6738043
1.1268982
4.3511859
0.9278010
6.4933684
1.8567973
2.2778200
2.9995073
1.1844524
3.4396125
5.6463037
9.2032298
9.2689206
1.7186210
1.8613508
5.1588549
0.9682346
0.1476801
9.7994261
2.8234969
7.9306699
9.6983098
4.0620972
2.5495411
9.7929840
2.5804929
2.7798113
7.0241830
4.9249865
3.3956567
2.1866157
9.7763130
3.1527248
3.3032011
2.2898603
1.8057395
4.5157683
5.0573198
1.8749297
6.0713875
2.1863365
9.3587575
7.8135747
1.0692398
9.5627844
5.8665354
3.1854243
1.5374423
1.2472204
5.4275647
1.0757777
6.4451241
5.1268041
3.6074649
6.0787879
1.8531301
8.1005286
9.4437870
3.5136675
8.9790013
1.1280673
7.4932376
7.1525641
5.8551811
0.2245194
5.7073897
9.8622599
4.3385658
8.7846656
6.4467522
7.9778783
2.9111539
3.1926017
3.0309690
9.4552860
9.7056983
8.0573898
9.6232999
7.8898973
9.4968978
9.6126288
7.9604342
9.3431068
3.0178079
5.8276119
0.4640720
6.5835873
6.8927925
9.6000075
5.6086048
5.8292062
7.7224797
7.0347606
8.0696121
4.3663338
4.4128202
6.2611821
3.1407852
3.5268259
8.7094927
3.4999553
2.1822785
0.4189831
5.0805412
2.1640574
3.4513794
3.5373044
7.5842651
7.6623580
0.5667774
1.9168678
3.1660287
5.2719217
9.0706082
4.8516829
7.9467953
0.9548091
0.0778300
9.3623840
5.4978297
5.3174349
8.8403922
5.5771395
3.8401583
9.0453073
5.2040351
5.9806745
0.9640117
4.0932409
2.3984604
3.0898158
7.0326187
8.6708964
0.3769924
1.5299880
5.1163593
5.6357701
0.0097519
4.7155978
1.2974259
3.2905218
4.8347448
3.3782718
9.2917828
4.7787910
7.7841663
3.0404118
4.3543522
7.2834211
1.3286058
0.1975640
6.1650011
5.0532773
0.8197329
2.4516014
0.6370358
0.9196054
2.4624336
6.1277435
6.1465611
9.4101489
9.3102552
6.0119448
0.5501927
0.8290028
0.9534126
5.7612064
1.5402579
9.7424538
5.1564954
4.2678768
4.3807592
3.1958174
2.6034072
2.8000243
7.8740145
3.6835486
9.1199626
0.0934774
1.5270276
9.4046732
3.2699492
7.7371521
4.3182884
9.6578438
1.0583653
6.1717888
8.2098362
6.3651011
3.6259211
2.4132478
7.6060639
3.6606746
8.2817921
4.2150250
9.3298806
6.2409344
7.9969989
1.8006603
6.3684931
3.7438610
9.5686808
7.5252345
2.6352016
2.8111735
6.0659159
5.8661584
5.3002511
0.6835176
4.8806419
0.9969811
5.8629200
4.1888819
8.7326090
6.8639530
1.0686632
5.8066774
3.3151967
5.1636014
0.0192749
4.1246788
1.9193142
9.9105832
4.3806701
9.4532928
4.3354921
3.3886069
4.4620302
6.6213871
4.6096681
7.1932214
5.1216926
6.0501724
9.8160561
3.8037874
1.9493128
1.0864030
9.9108816
8.6629681
9.9804581
4.2734217
6.9436555
0.0955826
4.3189434
7.7483453
0.4280483
4.5646907
4.4738511
3.2759449
4.5123197
7.7412831
1.9623230
5.5645520
1.7396478
7.6549761
3.7858516
8.4565747
7.6515906
4.7966209
2.7569373
7.3459833
0.2633086
5.4597517
9.3346214
2.7473884
8.5270624
8.8363167
8.6215419
9.3260928
4.3008919
5.4231473
0.4818039
1.8957773
3.0522763
4.1491422
0.3580918
4.9002329
9.5519604
8.2991504
3.2980975
4.7178276
6.1510277
5.7890618
3.9444739
4.7621546
2.8846903
7.6376234
0.7991657
1.7995788
0.6091517
9.5840157
3.9421109
8.1641633
0.6532967
5.7162443
1.5659471
8.6227193
7.0548492
9.7039078
2.1824932
2.5274956
0.3510260
8.7699314
6.1634268
1.5912835
5.1066148
7.8893587
2.3967057
1.1294783
6.8877838
6.8693178
3.2719339
7.9359128
8.2278304
0.9427910
3.9520089
1.0940304
7.2814605
6.2998336
9.9450226
2.9722424
7.3270859
5.5834015
0.3595396
6.4120752
0.0520131
4.7929632
2.9080059
0.6899762
0.6432902
2.2675914
0.7171912
3.2184198
8.1073699
2.4612370
0.3112003
6.1492123
9.9546340
2.0764123
4.7517375
7.0516671
6.4102190
3.7885210
5.8519429
0.6605831
5.6504692
3.2715893
4.6242621
4.3237241
8.2147415
8.5271673
9.6794498
3.2257707
5.7051641
6.6216881
9.1629559
2.7254659
6.1623563
1.8535855
2.9965688
4.2149615
6.0929990
1.0999850
8.6873463
7.7951192
7.0255336
6.6338035
5.7724973
9.7577997
2.6831668
4.0556040
1.0880171
5.3759297
1.3887427
3.1505708
9.4805244
7.8244075
7.1539338
2.4594820
2.3258866
2.1896726
2.0555979
4.1435772
9.2748586
9.4730281
1.9650334
4.3267278
7.0151034
9.2525715
7.4712606
5.5143406
2.5206056
1.2408591
1.9273448
1.9169319
7.2536210
5.3601857
8.9491648
5.5473327
3.0909581
7.1546370
2.4089292
0.8139964
0.3655175
0.3678309
2.9911248
7.9989004
3.3456605
1.3375332
6.7164767
1.4870415
8.7191208
0.4930949
2.4898902
6.9055499
8.2048087
4.6889292
7.6912334
2.4339544
7.2850012
0.3670083
3.1032100
3.4631513
8.2320519
1.6136260
1.0584672
6.5091431
7.0978948
9.0604381
3.5884660
7.8286304
1.1412542
5.2770594
0.5695379
4.5370552
5.2866204
9.8122609
1.3869429
1.1957073
3.6406815
2.3630745
7.4756290
2.8130269
4.8360521
5.6858823
7.2467917
5.9962455
8.0287750
0.8108287
9.3722115
3.5930246
9.7452099
5.8806627
5.1737546
4.5787743
0.4555747
6.5073821
5.9532933
0.1738371
3.7455305
9.9248137
6.4987095
9.2157466
0.2638546
7.4125390
1.7145248
0.6652881
3.2433821
9.4763256
9.3510983
8.7910930
2.3240317
6.0925043
8.1442170
7.0560269
7.6508846
9.9584905
7.3273024
0.0196388
6.7769120
4.1389130
0.4413386
8.6744584
2.7690974
6.7565830
3.6430264
3.5499415
3.0983372
4.4498006
6.2995520
1.6463809
5.3876392
3.2022588
9.5587531
7.8021158
7.8997915
9.8490738
6.7963536
8.4508874
9.7647985
0.0722373
8.3673324
5.8922043
8.3790349
9.0210445
1.9263768
4.1760972
9.1522031
8.8278291
8.7327666
3.4946595
5.8348207
3.2365897
5.8179243
8.5762800
8.0281049
3.3218686
3.6692543
7.9944997
6.1597646
9.8474999
9.1717903
5.5319314
3.2033464
7.1996185
3.9495555
1.7806986
6.7254256
1.0255790
8.9614340
4.0143695
4.4640717
6.7202058
7.2317408
5.0323735
1.5736599
8.7230570
7.9335697
7.1564050
7.9152400
1.2251521
6.6933870
5.8493335
9.3283130
9.3308790
8.9482330
8.5306575
7.6890109
5.9805616
5.4622803
8.0785516
0.7413106
4.0114331
1.6973886
7.2370744
4.1820575
4.6195288
5.6326926
9.6881209
5.2872118
3.1822773
1.8411390
5.9012151
9.4858744
0.9113284
3.1562906
7.0402589
8.7202863
6.1274338
5.1005993
8.1848655
3.1741401
2.0839494
2.3967409
2.9149226
6.0081787
9.2128043
1.3464995
4.9105453
4.1111992
8.4265376
6.6370745
8.6355965
6.5562223
8.6822786
6.2225767
0.4014664
6.4457232
6.3983063
3.3288723
3.1488158
1.1364653
6.5110900
0.3428188
3.1385109
0.4536167
4.9704809
5.3723344
4.4089859
2.4354698
0.2929876
8.6016254
7.3357861
1.3942265
7.4278368
2.2162960
0.9200661
3.6349495
0.6377821
4.6359444
4.5363226
2.0439225
3.3563951
7.0672515
3.7856712
1.9393057
2.0558314
7.9784490
6.8294749
7.0711054
8.0438383
8.9964506
2.1191634
6.4641265
5.8060271
3.9408182
5.7915899
9.9167107
9.0192081
1.2341272
7.1652875
2.3997081
5.6838434
8.7661812
3.7515050
5.3442662
1.9584466
9.4399257
2.9849202
5.8636658
0.2260135
5.0897897
6.4824357
3.3235690
0.6823477
6.2385856
4.0544896
6.3566916
7.3083937
5.2469807
8.9218187
2.4120427
8.4734749
0.8099473
2.6316320
6.2355270
9.6135783
2.4674909
8.0206717
3.2978374
0.4386140
4.8223413
1.2386445
9.1172068
1.9448278
2.4951875
9.3240323
5.6687359
9.1433184
8.4984248
8.1153003
1.6286420
3.8628746
0.6722747
6.3840378
4.0709282
8.2451133
3.1025264
5.9925849
5.4156015
3.6221648
2.0270424
4.6072093
0.9217160
1.3519182
8.6385613
7.0389186
8.8251556
1.8831033
4.4042154
3.6375031
7.3402106
5.8322536
8.0475825
9.3304266
0.1756443
6.1768605
7.1769692
4.8766905
4.9600872
3.8037900
1.6940255
2.6968200
7.0282323
9.5993064
0.5796717
3.2436298
4.3884555
5.0268056
8.4297141
4.2944483
8.3741123
9.7106320
3.2004173
4.7739909
8.4749142
8.9291140
2.0246866
6.7580889
9.1514231
6.1172226
7.6724113
4.1619992
1.0548443
5.4890225
4.2539049
4.2830330
9.0059384
7.7123446
7.1032705
8.8457557
4.3310124
7.2028874
8.4289119
4.4890329
9.7095958
3.0522066
7.2813006
8.7377009
0.5575392
6.8638249
9.6634960
6.4176718
8.1509234
9.8439616
2.1978147
3.2017813
6.1902998
8.3781413
0.6624272
7.5147190
4.3114283
2.0222087
2.9245538
9.3788836
9.1678170
0.3460473
4.3223275
4.9490324
6.1420104
5.3905571
2.3852711
8.4620975
2.4867110
4.6332162
6.9337376
9.1195719
5.7534626
5.3048194
1.0605464
9.0233695
9.7357650
4.6597477
8.2734416
9.7020868
3.8351207
2.3743897
1.1648883
8.9931122
0.7526746
0.6331042
7.3761137
7.0870350
1.7157240
4.6583752
9.3351904
0.3943296
8.0675382
1.4515776
5.2743491
4.5603045
2.9805526
7.3330401
0.3696011
3.4328198
7.2971532
5.5048512
8.4961389
9.0782920
9.0588996
3.3071264
7.0558729
9.0450231
7.1541816
5.0982182
9.6088579
0.9889059
5.6959435
0.7616116
3.6282491
1.5050702
7.2352450
1.7270217
3.5988186
5.5500544
9.7230823
6.0904691
2.8919560
5.1925993
4.2520130
1.9278752
1.3754640
1.5971803
8.0407926
3.2189909
9.5543574
2.1229020
9.8693483
5.9332279
4.1892528
5.2114084
3.2280752
2.7762373
4.8018397
9.3409602
5.8145681
3.8558388
5.2523057
8.7398637
2.6925492
7.0981739
9.6614829
7.7809373
4.4218883
6.6297185
7.3508713
8.0197260
0.7752596
9.5380603
7.1865881
6.6926870
5.2761094
1.4341051
7.7386782
3.1575824
5.7242594
9.0606524
6.0051186
0.2368389
1.1196077
3.8270329
4.1002307
0.7156388
5.9510258
3.5967800
0.2701168
5.3500292
8.6866969
1.3150603
7.8731146
7.6563562
2.4837795
8.1348640
3.5511649
2.4818314
2.6294176
5.5857157
3.7183744
9.8970717
7.0317640
6.0259330
6.7059437
3.3049565
3.1988218
3.1292269
6.4280243
0.8261661
7.5745488
4.4787046
2.2709604
2.0002819
0.8458125
6.4760947
9.0587551
7.6323434
5.8904214
7.7212924
0.4105015
9.2182708
3.4056015
0.7770733
8.5808994
5.7985828
3.9379262
3.8061019
3.9628763
0.3183470
4.0298476
2.9521213
7.8317192
4.6123254
8.5046184
3.5344756
2.6230136
1.9877844
0.5305385
3.1348847
5.0620779
9.0434596
6.0370894
2.4776542
8.8004728
3.8416788
9.2996778
0.6392735
4.8655552
5.8416660
2.0663305
9.5706114
0.1919324
4.1055574
9.4688408
9.1746977
6.7790747
4.2046859
2.1424962
8.2553293
6.6072190
0.9821960
5.4726606
8.5365208
0.3441015
3.8690753
3.6931289
8.6500720
1.0879389
3.8041996
8.6803061
2.4982970
7.9174717
5.9750049
0.7189081
1.7212262
7.8577740
0.5739153
1.2590193
5.1323527
9.0209216
4.5566737
5.7409870
8.9342651
2.1435063
0.9922341
7.9337661
0.2852743
2.5183716
9.0098923
5.9139772
3.3604013
9.4058316
6.5778478
3.8070717
1.4348681
5.4100364
0.3884031
2.7186479
0.7154916
4.0190258
1.9785237
8.9030961
1.6551496
9.5324136
6.8804986
7.1483953
1.3077541
9.9385268
4.0759553
2.6000182
5.9159293
9.9532232
6.3174989
4.8035541
6.3708624
8.3954936
7.9857593
3.6147852
0.4435553
1.3503525
6.0656532
7.8076042
4.7589772
0.1574051
1.5541710
3.7042949
6.3693759
1.1638748
3.1530262
2.9593411
8.4802803
2.3937623
2.4530119
5.7470695
7.3924835
0.8101997
9.9829319
8.0350709
8.0455698
2.6859542
4.4744817
9.3694870
3.6833045
8.7474221
3.4854784
0.6548915
1.1084836
5.2203533
2.1273455
9.7806286
6.7545945
1.6809271
8.0587853
6.6271234
0.3739103
6.7036983
5.1360728
7.9798078
2.5264066
2.6983189
5.1514369
7.1849534
9.2511513
2.0398326
6.9444942
3.0008430
2.3115880
7.6227320
4.8377318
7.0293500
6.2283955
2.3068548
3.8255364
9.3571358
3.9483738
3.3735893
7.2372950
7.5923201
1.4450721
0.0737490
3.6986000
5.3516158
7.8066379
4.6238677
4.1306111
2.4345602
1.4386390
9.5955537
6.2561402
0.4156185
4.8943621
7.5429375
3.6220434
4.1915734
0.5423750
1.9261340
8.5010151
2.1407550
6.7908891
1.9140328
3.2019016
4.9823087
9.9107337
7.4876188
2.2961614
6.1678366
9.6335193
5.4154203
9.0591182
4.6943882
7.6488237
1.1355652
3.0281647
4.5969200
6.8840153
6.3543256
1.9960995
4.0599825
6.0225773
7.2589128
0.9862806
1.0825304
8.1015757
3.6426818
2.7973111
1.9364000
4.2261709
4.9537916
9.5584745
3.2781300
3.4488418
5.3037605
2.4031611
8.7054489
7.6832580
5.8102433
6.8460400
5.7938902
6.1574976
9.2987509
4.7407440
0.2056363
7.3585782
9.3509217
9.7983581
9.3318342
7.6800291
2.9623459
2.5630070
9.1112677
5.0565054
3.6608322
2.4693625
4.1624079
2.7542017
9.8364010
9.1479027
3.1725076
3.1830964
1.2471741
2.4972690
8.6065457
4.1068199
5.1907259
1.2090883
2.2304648
9.9482028
2.6683477
2.4091358
5.6872913
9.0233331
4.0200726
0.8697365
8.4213639
3.4842094
2.9711902
4.8518146
3.6150366
2.5098472
7.8063834
7.0510175
6.4838681
0.8579608
8.4754986
3.3508559
8.2704420
4.2741063
8.8353579
9.1268183
3.5836117
0.4524394
3.9449097
2.6989316
8.3490976
9.2520069
3.3564067
8.1962586
0.5690078
8.6947557
2.6831904
5.5753355
6.3319938
3.9062070
7.3750485
3.8255678
9.0723942
4.6070161
4.5950091
4.4981258
0.9458567
3.0233916
1.3668181
6.6108834
1.3705763
8.1566281
9.7502450
0.7104731
9.2774161
4.2367585
2.7017448
9.4135370
2.4188342
0.8826072
7.4909014
4.1027726
9.2056649
0.0002867
7.0684646
2.6193866
5.9724530
9.7744462
3.6196828
0.7720871
5.3161771
9.2413486
2.6870288
1.2737589
9.2098396
7.8801123
0.7093000
7.3204812
3.9615402
3.4182301
3.5994715
4.4435663
2.7712906
7.6197301
9.0715660
3.4938094
5.6319717
4.2091205
0.8271986
9.6581573
5.6274705
5.2815185
8.4253432
7.2625206
5.3001767
2.5591337
2.6842593
7.7804657
6.6916640
7.6765383
2.8024064
8.9460431
3.9045111
1.3119255
8.0355660
6.1600204
7.5898687
4.4288187
3.7302829
3.4823086
6.6345149
6.1524669
8.7891213
0.4193774
3.5027816
1.8774185
9.2311334
2.4439832
6.1828740
2.0875381
0.4113167
7.7255369
1.4937525
7.0669929
8.6757348
9.9029627
1.6278763
5.1905040
1.7543653
6.8979099
8.2367592
2.8034193
6.0316273
8.7446987
6.1104223
1.8369346
7.9849316
3.2043932
1.5584700
7.2510520
6.5444915
6.5339146
8.9696569
0.1576328
2.9030175
8.1971179
2.7084567
4.0481646
4.3918121
2.5332776
0.5012774
0.9356320
9.4401729
7.4394345
8.7716173
1.4171428
1.3478978
9.9765855
0.0025881
7.6737260
9.6260874
1.4756935
7.1368765
1.2459914
8.9993131
0.1980341
0.2683594
8.0590927
7.8126303
7.8953884
6.4362191
1.6177169
9.5497894
7.7191254
4.2015554
1.5515760
3.4443979
4.8432207
0.8681259
8.7641492
2.7536756
7.8947798
1.7029906
0.3221879
2.1648322
8.8266497
7.3194706
6.9207625
9.0169919
1.2202149
7.5039827
3.2683908
6.5469755
2.1724921
7.1999400
7.0590620
1.2051471
0.9001547
3.1060583
5.3327270
0.2379171
7.9841293
7.4030435
7.9730960
0.1963853
2.7819278
8.4917784
6.8513531
1.8060040
2.9508893
7.3077687
5.6966539
1.7200213
9.2540229
1.7707434
0.1590468
7.0798681
0.8611638
1.2349528
9.7277197
4.5185290
1.2116583
7.4248426
3.1772427
1.2683409
2.1708231
8.2724249
7.0367350
2.3725450
4.6909310
6.3168086
2.2116653
4.6503115
7.4784903
3.8829880
7.3352400
5.0278491
1.2731089
3.1261391
8.6861190
8.1235961
5.2592398
0.2092978
5.5814522
5.5633867
3.8606260
9.3764515
7.0389964
7.4018760
6.7082804
4.4897051
0.1993469
4.2393903
1.9263432
2.7183279
3.5090699
7.1487723
3.0461865
7.4991237
7.9878004
1.3646695
2.8376403
5.6317185
8.0371278
8.8381146
3.1372393
6.4289818
9.1963592
4.2221272
8.3568978
9.2119610
4.0100183
8.6294694
1.7724413
9.1203260
8.7441985
5.5915645
7.9199344
0.2034821
3.0736615
4.0479902
1.4687659
9.0641351
2.0588301
3.9088411
2.7939600
1.9452413
4.7415957
0.7576504
3.1362051
3.0829110
6.5111254
7.6004476
7.7166066
2.3919807
3.0256164
3.2169229
3.4641769
6.1076022
1.9232142
8.6325575
9.1176051
4.8753430
4.8150751
5.5059697
9.3788561
9.9639315
6.1258204
2.8136187
1.5246612
9.7689202
7.2313942
1.1143996
2.4229907
5.5821821
4.0416008
6.8895468
6.2551002
7.7212949
3.6843682
2.9786642
8.4097660
0.5445097
1.2710452
4.9705839
8.9948419
7.6211387
0.8568063
7.5581462
0.2022777
6.3838414
5.6575051
9.3288865
5.3662647
4.9584262
1.3440843
9.2390080
3.9701804
2.5484238
2.8079086
3.1058998
6.0865266
8.7458335
9.1751650
3.8548626
1.7750692
6.4460824
4.0457265
4.9685881
5.8178994
7.6643751
7.9416516
2.6133268
5.8361601
1.4822569
7.7727534
8.2535789
2.3116854
8.5973509
3.7614358
0.2175210
2.3278312
7.5058719
7.7162642
9.6382838
4.9472735
3.2166588
7.8035020
3.4715780
5.0605853
0.5771085
4.0381072
4.8780606
4.2679001
0.7855381
5.6004531
9.1592236
1.8970001
1.4711357
5.7823009
1.6484774
6.6146767
7.8418077
2.8753168
2.4844905
9.2542234
4.8318686
5.6376928
2.0317419
0.4604464
7.9256578
0.1091978
9.8636275
2.5445814
3.3898120
0.4922446
9.6863578
3.5450324
7.0160610
0.5763363
2.3572696
2.9058573
4.1580538
3.7555050
9.2390719
2.4134399
2.8398648
9.0731374
8.5319277
3.0728086
6.0204704
7.9258352
7.9381734
8.4585749
8.7176248
1.0677313
8.0398625
7.7414780
0.6262064
8.3789459
2.1072085
7.0700427
5.1102464
4.4966296
9.7064050
6.2778684
1.0044913
1.8543124
3.4381717
8.9905869
4.5304926
8.9350373
0.4137862
8.1225385
4.8138556
5.6160259
2.6632382
5.4817339
7.9834237
9.3673867
3.5705366
3.7426851
1.6398091
5.7646475
0.6440981
1.4002021
3.5998294
4.2846510
8.4555206
6.4832715
6.2550423
5.6766253
9.4179561
2.7866422
0.6267167
0.3350043
4.2256673
3.1687688
2.2562170
8.0478363
8.2392593
8.0682680
4.4389168
8.2543888
4.8764596
3.8070678
2.9914038
6.5178192
2.1562127
4.4769407
0.7358709
7.3035508
3.9442450
3.2471268
9.1922345
5.3512550
3.1611501
3.7842722
9.5876616
7.9381094
0.2394294
0.1419189
5.2248248
8.1532647
6.4538184
3.9553042
2.4943471
4.9382208
8.3996182
1.0682361
8.3735383
9.0950790
6.8566399
5.8223318
8.1226665
5.7243975
0.5517654
0.1549209
8.0716469
2.6266505
2.9210141
6.3804296
4.8841733
1.0860503
7.8723951
7.0710789
4.4929546
0.1527634
8.7637234
2.8062446
1.0188638
8.0493099
3.3349549
8.7258424
8.4184442
4.6492093
6.1725021
3.8016186
5.3483596
7.1106947
9.4333673
2.5312414
6.7920135
6.6955871
2.0198342
7.3636020
4.3627102
8.5631851
7.1708393
1.5797519
0.8793584
7.9012923
8.5240410
6.5824217
3.8048745
5.1412684
5.1029931
4.5880739
6.4440685
0.2012579
6.3967201
7.5689661
5.4169464
0.7115149
9.7243810
5.9587122
7.8549984
1.9980068
3.4156019
6.1133473
2.0121857
7.2352488
0.9874461
3.8109143
0.5389747
4.6265820
3.4618807
2.1761082
6.5369170
4.7298780
9.2429921
6.3325327
8.6929020
5.1189150
3.5610882
3.8136303
3.2863606
1.4554406
2.3912241
9.3043730
7.6693327
3.7441942
8.9665682
4.6393103
1.9384541
4.0529370
4.5324246
0.1485877
2.9495589
7.3017975
8.8246167
1.4220653
7.5697321
9.8610042
9.9063226
6.3526825
0.1182932
1.6433512
7.4603501
0.9237285
2.3173230
6.1374979
8.4092255
8.6206949
2.7539977
9.4004768
8.8233624
7.5769014
6.8511254
3.4125458
1.4779685
1.6031067
7.6489252
1.3947884
4.1322355
6.1048195
2.3202306
2.6996304
9.6297513
7.5570574
9.2729352
2.7067052
5.2569646
5.6848001
5.9376469
8.7912701
5.4469180
0.7884144
7.8951459
6.8796377
8.8783616
4.7568292
5.8673960
4.3658531
8.2957479
3.2272688
8.2774871
4.2361144
8.9634970
8.0788547
3.5780368
2.1321961
9.5683166
3.9884153
8.3542130
2.7824084
7.5962462
0.1303443
4.3266843
4.7383800
9.7364911
8.2683795
9.8114422
2.6782276
6.7019989
1.4656735
8.9375837
4.6714346
1.0071214
3.4305574
4.9807806
7.7480312
5.7055987
7.1189055
2.5393019
8.8744288
1.8674903
2.6300261
6.9610987
0.0105343
2.6615694
8.6615241
8.4246013
5.3075291
2.3100855
8.8295892
2.3825162
5.7029638
8.8956968
4.0146844
7.6970549
1.1795931
1.0257545
4.5586234
8.7266640
3.7766275
9.6970239
1.6175415
7.8684684
5.0768569
8.3543060
5.2662809
0.6172814
0.3403592
6.0993239
8.0532219
6.0711700
7.7152771
1.2816211
6.6206188
1.9952144
5.0284032
5.2911142
0.7339981
5.0492307
8.5430965
9.2723336
8.6052109
3.5918742
7.7692974
9.6932706
9.7472297
2.5926778
7.9201901
2.2271469
1.7648090
7.6152210
6.9323227
7.2433097
5.4636354
7.5787650
7.1007549
4.3538449
3.4516143
4.0623346
2.3280773
7.9253960
1.0094537
8.2843587
0.7459084
0.2410623
4.4237204
5.5726344
9.0397380
4.0851413
1.2040605
1.1335071
9.1927569
1.9238770
8.6472934
0.2358116
0.5615746
4.5682547
2.0646006
0.5442509
0.2064945
8.2302858
1.6540490
4.2685348
2.2212772
5.2221089
7.4792019
3.0387404
2.4420986
0.1976256
5.3055901
8.9739941
8.3626590
0.7992839
2.1503268
1.2807211
5.3421822
8.8480049
9.3161669
8.8983429
9.2652968
5.8021500
2.4098310
6.2044487
2.6975637
4.1118046
2.3854226
0.5981033
6.2776752
4.3075543
9.0072886
7.8990986
9.5971233
6.1883150
8.2926877
3.9325941
6.1403916
1.3106716
8.4731441
8.4127305
4.9934996
3.1325676
