-87.21609580023164
-91.98202006886137
-96.43755760280033
-75.52596112539469
-77.00426190372113
-74.93011026579144
-39.61615735822846
-33.81385950020309
-34.98757813427644
-96.14965110429
-95.36905687333395
-90.4258387978164
-33.98354101858273
-36.10580248803393
-36.58704535750666
-96.2084102269226
-87.30262060978338
-88.53716437959723
-77.49030377787294
-61.431586702222994
-61.59884687150258
-44.38984471265211
-46.45475523577724
-38.208387959279136
-82.50941926050649
-95.81142617887244
-96.0534625861466
-54.671362174936505
-51.50941809445435
-49.76671675105264
-87.06519381315681
-85.4975282339955
-90.5091201671728
-38.69705194858295
-44.30705236422445
-46.74074992510572
-97.43145419002903
-93.16096703982355
-93.93504429840075
-67.96136297320393
-75.56061275424622
-56.85090239806398
-48.329028553119045
-51.15258215148954
-50.5557328304824
-81.25762295751983
-82.4590556451797
-91.84287098871803
-43.16624362025993
-42.787465531071234
-44.19157094214445
-99.9110601677191
-84.1317226709925
-96.56311490686973
-62.78609796725014
-60.462860594116265
-66.72360414886393
-54.96096051025682
-44.987871217164425
-43.826617725548665
-27.34266114138657
-27.418408511029288
-17.549692836440812
2.203993128679844
-6.79193709289914
5.361390170981599
26.661928984557825
27.469832670386516
20.770695694466646
-14.336242937011214
-27.987046107113045
-21.376124561790846
11.267401196087317
29.74884567103078
11.83004300429993
-14.916756478772008
-15.458954261874972
-13.965602063094757
11.050909156246844
-0.6714339554134767
-7.1612697356814214
27.993545031617714
21.471023646516574
19.112482174291465
-15.529745830628887
-25.44766056841565
-11.742344857494395
29.765272988298804
22.522537413761242
13.620747459589513
-30.500909824632807
-25.156689874786046
-12.793928181224366
26.545134078169184
31.78202994333048
27.945184081120992
-29.82710023483947
-13.571431957807214
-20.891522044418004
9.365258162416305
5.800260051370328
-0.501162911038012
24.644554008628877
21.115949497357512
22.467101376143667
-25.121313169238803
-12.879108924206928
-28.83517566654166
31.4116570057614
32.32150423556261
22.429231355920134
-20.276062843579567
-22.724617011203172
-24.81613991591364
5.19122974260601
8.852036666430683
-3.2045118103902643
31.37656884798018
11.183068256329019
32.1436581334867
36.36954793319095
38.67024114909961
42.82872381517657
57.39517636274241
71.54894506667301
66.8228765487326
93.6016563736953
97.56525556804787
85.81325469293188
33.879811650311915
53.922027925920986
55.04672502262143
93.53176732143636
82.43010153238704
89.07318455233735
44.95476807296719
45.008517978712725
47.48837235218003
75.86358888382391
64.59834657925002
65.53191743651972
99.276020228607
86.40438014560652
80.71602908978504
43.906303440509944
40.97098058128607
38.14737403836795
80.27977207774632
96.45442427432766
96.99780896713054
38.03530118870753
53.915350850224506
50.88423252966998
98.5769156957011
92.23755579498393
95.51250346639041
35.57013975210715
35.14110084375785
42.855997806555074
58.66992313551688
69.4981414505803
72.79310717237702
93.16334043806171
81.73114959229711
90.38677329368278
48.023713764202746
38.46932419973872
41.27860570783787
78.02366886005332
94.22882634272858
84.43663023256958
48.90485909987064
44.63220654564874
49.08153127623599
61.055370820651326
63.82204916944121
59.57860646856622
84.53630401740858
81.08068273135683
97.62691121871916
-98.38626580911071
-78.44482347863362
-82.97569911053277
-70.11353145603555
-65.57352891503484
-62.8096894547761
-37.72036666353641
-42.86106592162734
-49.93030647835767
-78.4000149470649
-89.8063595979947
-87.11404352775631
-36.047610754453956
-43.9036622373816
-53.962085949362404
-97.70655118018679
-99.13886693770658
-97.6340149497612
-73.34856071208009
-74.98881010277378
-64.91786372893318
-46.09427473248707
-54.32901032725358
-39.42288823832433
-82.51932502172832
-91.13118177900226
-99.0168395245826
-42.547068238924204
-47.30415428488857
-47.83300531567099
-77.97733143757512
-92.54819563789245
-93.7220418208366
-37.6067419031659
-33.992641174737564
-43.522320326539024
-97.6732774355013
-86.07900405536819
-99.6589463999908
-75.477072154465
-69.22578878512847
-66.40110461514321
-40.809751171612646
-38.59259330940116
-35.11672371407674
-89.76480043809026
-85.47802970379934
-90.63203619677792
-54.72584674917016
-49.55853060111661
-48.975401638303595
-99.58733158632707
-83.05925905150572
-93.1075377907266
-76.81597628912465
-58.64745962085224
-76.2484809431018
-51.92183225829303
-34.24759092032322
-36.86964492764511
40.10119183868782
42.494636804760965
55.11612543348737
72.42349343014901
63.358479234989034
63.32579639003384
97.861104630732
96.18303822100273
80.50227520245723
41.301316729270646
51.61537172178818
52.29990745388118
90.10646764719819
81.78280477584644
90.02231017981275
38.03735958309646
44.57103666783329
44.96465578246212
56.289336429967115
75.03002345101545
66.3384997580389
82.05270400292198
96.90036750718485
93.01397190112758
54.748582034305095
35.50079580487725
40.35837455089685
87.39116729325256
95.76389907719818
83.41830696937538
39.40251857881691
40.17162086675255
38.360957354984606
87.71279017510119
85.88456938525668
99.90653926342439
47.88208878325227
40.2379247125857
35.241888176325276
75.08621176291427
72.90209047700573
69.34796373699953
84.29890942016604
79.6639079582706
87.38713909185184
48.54550081239579
42.96811807920212
34.61881456921777
96.18363028543169
88.43774961038567
94.35106976509513
46.8709511729757
42.64349861409703
50.076850480933274
57.99899007017366
73.42374164347662
56.22026724440564
81.74169706316036
82.4514074442066
86.5845233663841
-83.63801951932652
-91.62953333833292
-89.91747598019549
-74.37582224951906
-62.29505238947032
-70.76487144883326
-41.96599433774034
-50.17056507969491
-39.44207334913571
-89.82896214170273
-89.64634465416246
-93.95900680908323
-35.80980565194129
-44.760525589334975
-53.01551082441851
-77.8232156817573
-92.1974595743487
-90.07064610036967
-64.31873464522296
-57.872522928284425
-57.05400962773539
-43.619579125618024
-55.4945953002445
-36.07376363860929
-97.15750265995302
-96.73414590280855
-87.76717294507142
-35.71190121454016
-42.601084013991105
-51.878554568880354
-96.7822721042077
-96.06650720201517
-97.29476127667891
-52.06724067445796
-41.96352926474335
-52.1074044981989
-89.75922391295445
-99.18325637877778
-91.07521320643774
-68.46279809018864
-66.28772312249508
-56.485888699191136
-52.325495559310966
-51.3288103665779
-35.08137260065491
-86.48682850999526
-87.50801243226212
-81.90108296698112
-38.217795921675915
-54.91198126100084
-50.38771296769033
-88.33257284860599
-88.22461315556313
-97.62054443466916
-65.31396159981146
-72.20695724371652
-65.0777777472966
-34.10366509489933
-36.52414893382131
-48.15312271533143
-14.06936900663344
-17.148303189222744
-19.217955317289686
10.58890090330903
6.666062146613784
-6.231654536060063
24.916594180071186
23.737578819104613
31.292281652075175
-15.464574430353412
-17.16802751276933
-19.71927566395977
17.932164073349902
16.000706685817036
16.581021867678835
-12.8671322937182
-18.080425566666186
-23.711018478108663
8.88002836842306
5.80034571190909
-11.046213256592411
27.19972030138542
13.595990580030858
18.828903210257813
-28.640206080821493
-14.931897427793146
-20.239847630381373
11.42934245233816
28.688940418168244
30.477329513457498
-28.47562478633258
-30.682134114034824
-14.137026348464207
16.75461476276044
12.838962942955426
15.830788381453493
-13.919184985125597
-12.76885691067513
-22.65511210486321
6.8907109873120636
6.88572946042939
-8.300401593348079
25.73054616309493
28.563887174255683
16.18257005493156
-11.933303346847062
-23.586545005236125
-20.249051758462357
27.907466302995857
13.088427938573965
20.160034315512725
-25.327178386086047
-21.577072656595846
-15.02774368635055
-7.2366588560233645
-5.131657006754966
-1.1376404056463425
30.016510337127485
11.834667558726803
27.870344875776233
42.96897645565238
36.49828404853349
51.26082449658614
60.59619768026293
68.23693097183296
71.61373532883609
91.04630102977659
99.24721663814343
95.28162405789172
40.93498789253706
42.19590385390613
39.4697436372725
86.50987616165318
97.32215895425585
89.66332141620465
41.17667812234446
49.87687281934926
39.36505765620974
55.743033318316385
68.83150579119923
57.54837741240379
88.00174287393624
96.23990958914456
94.28536065548994
51.37500432936223
44.69453749391959
33.63617078154933
88.74812988747905
80.22724552555538
80.31192619617589
50.51654824612632
49.71681512298481
51.294236186013876
77.81007692186155
78.59650054857096
99.08708949505979
49.21938548103188
36.218701264155904
46.65686511765577
58.993198654486356
57.92979911201586
71.27503143212498
93.94923753140364
96.6328790846955
93.35323930152086
50.85913379578989
53.08577639318494
40.49440660694648
80.81452413101661
94.04317909161412
91.17126849154243
38.64251342937511
41.181796467166855
54.86396871688629
61.99502452582114
66.49899234849357
60.01241974146468
84.95582261307884
99.76402077436691
83.9375893376968
-95.9551495306896
-86.78179816395
-97.25257988192902
-58.89722706976109
-56.07895913193353
-61.6645322665872
-44.38700692173473
-41.51312960511336
-44.42859205921787
-90.82417335885512
-99.16620569835722
-88.56336414703111
-52.923030216427435
-54.49075789559886
-45.472013201637075
-78.89255438002958
-87.25857562128661
-84.90803946126664
-71.71264426603666
-73.4541929102342
-60.69662924288807
-42.18922404387428
-50.571344384863444
-34.28163318210753
-80.26010279980699
-79.26638561254916
-95.38421537710377
-37.18281358886796
-52.00613688097888
-41.009301937245915
-92.97248979813993
-92.9883484154749
-86.20757877287802
-45.16021890868356
-52.494863670995045
-43.765270525057204
-84.9566258746984
-93.42501115629916
-86.15985794458908
-65.31407571061372
-61.916966910411574
-77.61548281047203
-42.89139691607736
-34.967755641820176
-54.300127474400746
-97.20314642112866
-79.81427200119178
-93.89548806767358
-46.12755253043334
-53.2804215229981
-42.862511178488234
-78.92472569724265
-96.2519009086201
-92.7949122093421
-75.85365467111447
-64.23581984526398
-67.60546640335298
-44.53870308657668
-42.77003758335761
-44.34566054907971
42.563185981033705
33.82441030937082
50.75956044149229
68.37768138269973
76.89341442500442
74.42814555078584
92.65539474358458
97.40685788815428
77.90394510211834
37.13148686921224
53.4217744203859
43.63845462375256
85.28660547999166
90.49476386033776
90.80822848125464
33.40871546666257
44.0907124405531
44.26105955906747
72.46282068272473
63.139803167577156
77.0818130582521
99.020230677864
80.77246117392188
83.59266206800433
43.16789407858006
37.00342051842395
35.0759812619718
82.94004726118675
79.31876679484257
95.14396625220614
41.01485960946887
40.14033412957007
49.964163513955384
86.64323957987065
86.5496504858895
95.68145710988892
48.7346839586464
52.26213498566821
37.62334115191839
76.57796375818224
62.72871527313525
71.93434255056684
97.39291893974665
98.30311095775772
85.669557356965
53.18334952920003
50.031579706192
54.93989884437903
78.73256511337091
95.6668574616165
86.17121501668687
37.41450624658849
54.44545937036189
40.22909155533724
67.18814715252805
74.61641540199346
57.998165364896515
81.59090202875085
80.88600006774855
86.10431253452194
-94.98729778578321
-81.4506479435875
-68.45501472187564
-68.6955502607594
-52.6161296503029
-55.29440430763364
-94.04150552799048
-85.70477291086118
-40.13691980374381
-44.921048440323396
-94.67660734566961
-77.79906048721523
-58.493692694670315
-56.94592741029482
-49.51394787368586
-36.495580416270144
-86.73397703503403
-89.76401722186944
-54.106085860459416
-50.0489915108491
-92.47378510055691
-81.03210330440251
-45.64778661879258
-48.418711369080924
-79.32427242399237
-87.52161352753316
-63.90771729431887
-62.436332127700545
-42.33924655931305
-45.76129302343309
-88.0809053458037
-94.71346484872728
-50.09042811427703
-51.276932734601004
-97.41148850074319
-90.95442971806287
-67.44177639252574
-59.317821012233814
-47.858022999666524
-33.82345137786315
45.746938851701756
38.15237700287828
61.69807718622924
75.97096623829384
77.9038641628612
87.95126729494967
53.27765526632196
35.171001392360154
85.27375479297623
95.80060706205383
50.62198523097335
39.93843133849688
57.040458879329286
70.91243457175018
94.54075785797617
94.59575919375274
49.23316122440335
42.43089391580316
92.98722740797653
91.03589802706006
38.753060059333876
42.5397305723803
85.24623184358671
79.48930134041285
40.19828558402898
33.8796325238323
75.33695281919722
76.8799544956608
93.81158321380516
99.39269504263521
39.753968294257355
42.183065087513114
83.93864638059124
88.60102491023657
50.10853948209021
33.46206185186734
72.75390252471212
58.96627298979581
83.19819990876255
93.05502222872693
-88.53717475667109
-91.18892110150951
-69.36224040344668
-69.85456996466432
-34.83013118275166
-52.91016771309367
-88.12679381896581
-82.97754055044223
-53.00217418020671
-37.14741697881375
-95.16165323341062
-91.06591792078625
-75.91999581009429
-67.55874936235556
-40.075372691979574
-40.21562151893648
-89.50113109016415
-98.04186703142204
-33.571504904790345
-40.753250173656056
-99.88627526315324
-82.53572850174656
-37.11541835675279
-38.84273415427954
-84.49440248422704
-98.74502844234375
-76.31307734455984
-69.46065320580966
-53.14137058534757
-43.91157217402817
-96.96677231567092
-81.5964593942536
-51.28378483339663
-35.144615581954795
-82.0566309535391
-98.21356406994079
-69.02540511996044
-59.126930932710266
-50.65281552381819
-54.21468567583182
-21.23779832897948
-26.234708827751884
0.6750429628687744
-0.945668690223858
30.666437069552636
29.974789427625645
-11.871436642864385
-31.201671636513154
13.88846448054533
16.454785730758363
-31.919437721206467
-19.823745995084945
-10.557788808959172
1.004237114628399
12.630578995142278
19.318703891206077
-32.86732420398997
-30.28785241985678
13.114011533579674
22.206615847648507
-13.471308178496265
-31.161730239929735
23.329052667178097
14.561815982773945
-29.06912070212133
-30.37491883844496
4.961766292662398
-2.668474233301872
13.093321870716963
21.12009890226517
-15.06645195694529
-25.0251897148034
33.076449801399896
18.088482829986788
-32.94417084340989
-27.087404761881427
4.533063477636265
-2.5977129397315224
14.009675476804503
19.517634651188757
42.62615721158632
42.4602661302926
63.60631381191375
76.89668364254746
95.75722250939182
87.88744776842238
43.30631019947454
37.898547492584626
95.4581917175826
87.0978833462461
54.63572452796594
53.15755409416544
60.835781403580036
66.61041705153215
81.10370039059208
78.2189701302522
48.07590540949098
54.39707223740383
96.16432902729494
81.33541601872251
48.38476292527906
46.12784540271447
78.34287503641205
94.0380994333546
36.028792764904026
40.73213175887111
56.64037612544362
63.518099015577654
85.17126787594249
90.78120510563652
44.07455623160192
33.75658435679174
98.87780100507325
96.03036927337567
37.375579596584245
52.32983544008725
70.42082358250917
75.59916908263047
99.7657601333143
82.99634850849027
-96.3679568091032
-92.06442851314206
-76.36483521455844
-77.22860193745751
-33.356984601994085
-38.76132661640416
-98.1088246882938
-79.34635307854077
-35.860435908851514
-38.48462506770713
-90.30153757184875
-93.17798945477598
-57.20862448547459
-72.41380888713053
-43.31915286772412
-34.03089566116928
-84.97410246804502
-91.19928588429595
-53.2384363767764
-51.297662549185
-79.98205936832153
-96.91481219948581
-43.54875186105296
-44.93040747941127
-84.55915613443595
-89.77666689878248
-65.22420197253182
-66.85769828872657
-46.38376397706014
-34.25537618111201
-83.0531798810563
-97.89651989802522
-47.68168212477291
-39.98267546025165
-92.9064439936435
-88.78029557281222
-65.25357028265915
-58.21664504188445
-54.880931022635195
-49.90921767525881
40.63191151929084
35.42844760944689
62.34853905392499
76.11339310546359
78.86974121509162
88.97641929665942
50.10363292595028
44.38750986252025
79.23992413125609
92.90831074555986
36.88641508036331
46.67028902222522
73.37474777428777
68.43583213894594
82.3779581859776
78.3301969499168
37.58026851449345
51.13716913771597
83.28406488723641
88.90779577530569
51.3226655678407
36.33631845488743
91.63778098426312
99.51546574453752
42.92012013642313
39.60797031499293
70.49562312105566
66.6842328809729
97.12758357123585
92.65194769512826
43.93060576333093
37.39170913641012
98.97628351608014
85.94873957410026
48.94127962417841
51.65882161188779
62.209839750348145
62.85853741071939
88.58437987484048
85.06220149130522
-94.38887040117343
-90.39517403019299
-70.58962865008503
-71.78170137338388
-36.89481873807757
-50.3322096145184
-95.64155957957716
-81.80105939434344
-34.024363417647606
-38.275238505279674
-80.9052617885973
-87.61941079441885
-71.0432067491307
-69.25196216420586
-51.31172968071124
-38.25569831979924
-93.64004569476936
-98.90651351055897
-36.37613276376983
-46.31405979801528
-84.68272538028874
-82.7246739687753
-49.43775111224706
-34.92240652592518
-82.65476818233796
-98.48776162732798
-61.582198457828014
-72.02516907205447
-37.70123906421047
-39.61917314395171
-95.76473646470379
-92.56529723729228
-36.26064042583813
-52.86446650135223
-83.99288553745797
-87.71470658713028
-63.7795040983698
-68.55056713732101
-40.12706615132078
-50.18652668649433
-28.10963595342922
-33.279912332427706
-2.919626742092582
-5.786604076381307
32.792047746006205
18.891059150436007
-31.66869841117979
-22.624769129310433
30.74899425818989
18.851662142106527
-23.647168607780635
-15.252695906110901
-7.90741179517342
-10.438257706529456
20.610191091524023
15.241763221877015
-18.059091818975006
-32.00642660744523
31.01677828045232
31.363115844424854
-18.837799223413036
-31.432830072045185
16.96286988443603
28.364834994549902
-20.335566827153478
-14.354930480018869
2.867284989101357
0.3928849381809947
16.68786857454795
30.07017218986639
-27.133123130099627
-22.743563365995108
29.00765447815437
16.453318037075363
-15.914003477853797
-30.1025263690646
5.822320251784218
8.390367314825253
19.060878221173184
29.145734609700817
50.167465516977046
43.567202492239645
77.776708677127
68.72131940507263
88.72949890932024
99.79526755443119
36.185739588505605
51.90647669817637
88.27544294431578
81.9655663070903
54.34648873152385
36.29508014296691
60.894841238623385
75.38215230860719
92.34579729788234
79.20971009959435
49.646522974898126
34.04809419340182
97.0483062923407
83.30769760294594
36.571891870623375
42.11667881153659
79.6840675618637
85.35667718162821
39.71088476283622
36.22147796367908
57.77892976101103
61.14717506634277
98.07012324047257
94.64975833394249
40.5095964551493
36.02452587564123
94.55613821050432
86.32460984227639
49.7813892388385
42.45382180343772
58.92214581857589
72.75644850060169
79.07069613148124
97.82413916183327
