-84.19216762357887
-79.55901562917843
-84.91566096409468
-95.21332810497454
-97.263027513756
-80.44001906015879
-83.54357350307129
-92.11318382647742
-95.40353388769067
-90.2697894666467
-82.5148581196229
-83.35466932716605
-93.95921968173514
-98.63656993545949
-93.43468276134742
-93.78365797725824
-86.33917054433188
-83.52293121518831
-95.74843087389789
-96.06837643355743
-92.83788111653685
-78.13289441674829
-98.19326642883615
-92.8422870297645
-70.60138002009185
-76.38407683112509
-64.82369185302413
-58.4115148929471
-66.53442130333124
-68.83027573940835
-62.28518422602384
-58.89640773488942
-70.09601650070327
-57.773669638609874
-59.58757555106415
-68.20942106795714
-37.925070065693774
-35.257752312317464
-38.40887336813333
-44.06761881216975
-39.01956604644223
-51.634992884044564
-42.05607300802624
-49.92121534799492
-39.25188329637584
-46.5140645906215
-53.29412171956131
-49.67750024488601
-52.970146458504225
-39.66404545888244
-50.49618424677122
-55.25885359808861
-54.50876162333462
-43.37716899872972
-38.36185139944515
-43.42895549633763
-54.915918211699775
-37.511107476151196
-48.569408565141956
-50.235703501073445
-98.22632974173558
-79.30749014639814
-82.18479610954589
-93.8867179082124
-81.41879080496005
-94.62973188376866
-99.6082068121396
-80.08592254654056
-94.85674009101922
-94.18043291975566
-88.14493355608172
-79.9515052741464
-94.58395375171709
-93.50941995092988
-93.55661704969945
-95.309713827018
-87.15629569037351
-83.56176472708319
-92.00517763469145
-88.29434514150752
-93.45027579909924
-77.83242869113464
-99.33145122404943
-79.09162447394269
-69.48084028108626
-73.04268902755256
-68.19820098267984
-63.460368585898124
-67.68924712095979
-72.48312709270249
-64.83249198939575
-77.03120779513122
-71.2594003146563
-72.1494743936627
-57.791155106036115
-69.4317664200566
-42.48488161522053
-37.13864912950224
-48.23963401690756
-43.645362742581646
-43.892233333211166
-39.23375260340109
-34.39929613458685
-50.604110122832
-37.011597861586594
-51.46607464237504
-53.02291035928435
-35.716014408777184
-51.66303417312363
-55.54485110061419
-55.35107721904205
-54.99056912476424
-37.599590806946495
-50.055131256604966
-51.71563326252431
-34.64709515287215
-52.45654199267514
-45.36925565657353
-43.49457006439149
-49.725864139595856
-94.08740189706467
-79.95639247606096
-78.53260259751545
-98.93725153548398
-79.18929768152599
-98.37227744807204
-80.0041448025258
-86.0126902211775
-79.38324975319685
-91.02546412351974
-83.80084299045055
-81.16801284085176
-81.60689553258445
-99.14382446519762
-98.40014725512846
-87.9734552109609
-92.96499050063333
-89.62195791851718
-91.5138045566374
-86.9941859521711
-82.56864585761663
-81.30689529746354
-89.55851881369475
-91.47804918201955
-63.01293465175767
-59.878310940998844
-76.67649315152411
-66.56238613341021
-56.60346496341272
-72.55374252408579
-76.43081566906687
-74.3121873548998
-75.94933571129685
-55.679050209788656
-66.86197476331424
-67.5529811517951
-47.06099616565509
-34.64363212533257
-35.40780323668834
-46.22959873586483
-47.60168860590422
-46.749023845071
-51.126263998207406
-47.743902179917654
-38.52280273444794
-53.03354996595903
-38.677422279258835
-44.59134400810107
-44.14315195182646
-44.90237984358764
-49.710105667395716
-37.88189110636279
-50.76846171595291
-47.782840666812895
-36.31343583582344
-42.162534727382294
-46.94865413394736
-40.09468377138976
-50.55438165524232
-46.19097293482499
-94.40673251051308
-98.683718954889
-91.71730002647223
-81.0975058341555
-84.13920497601278
-81.04968654308958
-81.24327729849276
-85.64302985085958
-84.6460498066671
-90.13926544235403
-99.14395254162005
-80.0758959741335
-89.0031436939512
-84.59340095964754
-80.7416753294943
-86.7938793694384
-84.02567167106506
-87.23195461612812
-93.39979934420931
-82.9570847768149
-81.2589860972665
-92.3249491612969
-88.12458802005081
-91.5173614487828
-74.48419912163526
-69.90228185534336
-59.91399939653405
-59.679191626018515
-73.2457304505812
-76.70825401565668
-72.04612216656685
-58.22479303938892
-56.131056831782146
-66.36657509345605
-66.13605769289583
-71.45760577567799
-35.91888636718065
-33.70293055540181
-43.85410048985926
-39.11618472871736
-42.133907854165685
-44.65627847423278
-49.527412165357646
-51.60138890450668
-51.56240136572447
-40.63347158068492
-40.21118893757385
-53.64964314421388
-37.6368109679635
-38.34612738476255
-54.1233704161634
-47.02673197658927
-55.2667203460756
-50.979064905315944
-38.68139978224738
-48.21089887497182
-46.11372994283306
-46.18507075114753
-52.63940824795941
-48.1255016568025
-83.83791046042437
-81.25795587300783
-90.43893964377527
-81.46561880431018
-91.28126830978924
-97.25203232909928
-79.15162442846068
-89.76073033218387
-79.52006106241261
-84.8177521742831
-92.52945108093705
-91.44333697177507
-77.97467868413885
-85.90483612589915
-98.10754320004489
-77.82534435125433
-95.38778758664486
-89.98456310154835
-92.06520640095471
-91.49344388022627
-87.76899639655429
-79.19583672380419
-96.67192598220163
-80.77411453942216
-76.47982539417012
-62.89609966679494
-74.75431134261493
-65.18931434328593
-74.17684876159579
-67.83623523039344
-69.20362054586397
-59.35418372683891
-61.80720870279679
-74.25075291230016
-66.52465878622581
-76.7487823600262
-49.07895187758291
-44.435895658579106
-45.51111523282446
-50.906323649563475
-34.54412779722132
-34.46860990133825
-50.572722798444225
-41.14112626166108
-39.49767570852716
-42.36574147681152
-33.69928160124215
-42.4304322126579
-41.26115221576793
-34.225132720377175
-36.50183486829019
-49.79259622112705
-51.888988641972745
-45.115399120395985
-49.833828916504046
-50.96186676968196
-51.192377195110424
-39.30789974684119
-45.21643234825665
-43.913980278636004
-95.59158337986233
-98.24747923386212
-80.60690410528663
-91.03428822414682
-80.52091600184278
-88.16128898092049
-81.50210796077565
-89.65198654086691
-86.83291861893181
-96.75826176170062
-89.79692424872633
-82.99946104425462
-82.99445925679474
-94.09567677635987
-97.10664459135361
-96.97448809702045
-91.43004039155414
-94.14384023526645
-82.70741207945983
-89.36761400427082
-81.28928542788623
-98.40172212582682
-80.90068868605535
-97.46749802593355
-56.24606387185875
-64.27218841657745
-64.55900708122915
-55.746510716613486
-72.57800776382292
-71.41145240014049
-72.31269983418208
-71.67489460916947
-69.1391237995953
-58.76082810081631
-73.33641516622593
-71.92909655158364
-43.47291798964402
-46.67599355583541
-54.16227968908777
-37.49308373351394
-43.53211326140907
-43.516742893189026
-40.18517578357336
-47.34817066388563
-40.27656398673517
-40.62413366590005
-40.26479413870164
-52.0265826535402
-38.33912737944988
-49.93177476296562
-53.33163761790149
-42.79988115313375
-52.93227859781006
-37.18770121593147
-53.85974188012431
-47.19979330542171
-33.62069915789721
-52.475371042955956
-42.97384510427519
-35.81720743438849
-93.60693995511109
-91.2177472664417
-86.28003157514748
-88.63855661910469
-99.50267868553512
-85.84312076840013
-86.50100427617673
-89.93114476051105
-82.21377550801789
-83.99634984510938
-86.91590955710913
-95.1422835971818
-85.8656533388613
-99.8039408825869
-85.59443739391205
-87.11440559304866
-89.54204957511512
-94.32627330095323
-86.7367503547152
-87.4389069969745
-80.26913171366922
-98.82761497040579
-85.27366600321122
-78.89497088593306
-69.22400802447487
-61.734956364034666
-63.91567192787933
-66.7582498546767
-71.60447819116314
-55.82158321279216
-72.04693507442569
-60.23281414208077
-59.02665808238074
-64.88200207899816
-56.878090697876054
-69.34895115193234
-41.31676307929911
-42.20233812164068
-44.53051224195313
-36.10211547721438
-50.19359299627666
-55.126534096285916
-44.058852831184296
-52.28781746376007
-44.7101834751266
-52.506230734054625
-35.30127574091128
-46.54270688658289
-50.53170315505579
-49.92947932553276
-45.07980288496957
-50.389410303334884
-52.51529552846271
-44.68627709211658
-51.876985820467965
-40.20912963303587
-50.67894229661663
-47.452333923188505
-49.28035637289065
-53.01880041544642
-78.9188853548407
-80.11420051065522
-80.78677429651637
-81.15917522239826
-94.55639059242542
-96.6169861796892
-79.57598768211369
-81.58861821462389
-93.690785255279
-97.84296468486593
-84.6287969149343
-97.55001266980128
-85.24392448685924
-89.1408017798976
-84.83808446589921
-82.8884447994373
-87.20092353831694
-93.12369527115459
-95.09639309880531
-97.43102685942361
-87.71477630531166
-97.64792500588334
-87.79128603627932
-91.84445776036513
-75.98046570510428
-70.94006620929844
-56.0283941439335
-67.54340382677822
-73.09602900512559
-63.703600681356335
-58.89374378933872
-55.750711235451504
-57.9452175066032
-59.189292537819775
-65.64293606442762
-56.38756395741919
-44.25919481499473
-43.76457424318087
-37.50759022725899
-36.77893073872413
-46.0902098455709
-54.76103981920783
-40.69182787767065
-51.217371316742
-43.689113328811885
-54.97027519577752
-41.68903420747032
-38.327969323727544
-33.45742264295443
-39.4800214553526
-38.781398173351754
-38.192771174724164
-43.95584613933126
-36.856727543724546
-53.80183733571333
-36.84035181644272
-54.957939317426714
-48.0118237674851
-45.48826411571406
-33.42460753536211
-21.00215675408558
-26.36212450111274
-24.899981881719768
-28.707263150125556
-21.774414361925302
-27.882402354837396
-33.13591445058369
-24.79221543369451
-25.0034327792428
-24.32547569794899
-17.677871682505284
-28.876950623347426
-23.515130930547894
-24.166477448665567
-12.025206803124409
-22.595974025939014
-30.029549121563697
-25.881713871161
-21.932450715625663
-12.361166164282082
-15.251536417249831
-13.373123367456746
-18.534797503045233
-17.692840960814927
3.3495097391173374
1.9835052689720118
6.037800179728949
3.8829478249771103
6.324688050166737
8.082111749248918
-4.432720703730541
5.422534999216639
-2.330810282885837
0.9689302551508376
10.882077647345488
10.780298122319687
13.690842357120523
21.234306382827675
31.336405615351417
29.2848985425017
17.108528642181362
20.903846132816348
28.251566932441257
24.941025695303516
13.06062960230196
15.313160634158706
24.8523328202987
14.313737326636156
17.64164614893474
14.73165850205122
18.39019445918963
19.91328311147577
28.206842184318724
31.41583380581099
19.61799704929534
30.045696967331786
22.1856217246139
18.34722134467508
15.109683306420225
24.482254910923338
-31.54030144176171
-29.54805206647255
-32.11364705057341
-20.849265236632576
-31.36224729682368
-25.014465922542023
-23.972471056280412
-16.528696881020437
-21.060295342391562
-17.858245386649557
-24.536644853223777
-19.686573713048233
-27.36524518742445
-13.631695479023126
-32.32590060867736
-14.33026966785814
-30.645625584386043
-21.999353396381725
-22.173304690359416
-14.604469426629564
-21.112078843457624
-13.782196591065464
-26.786649323816878
-19.665376469595692
10.771616687243077
-10.149305931891336
10.747690738458102
-1.4392072107496574
-3.5987906417338147
8.581738828220397
-2.7905680394811228
-1.2900120187297688
9.787205600379375
10.7453544837961
-5.018867228694923
9.78517010067962
29.23194499086754
31.1993038333583
24.79036305857187
12.972034443730356
22.15783634116898
15.682621512936032
30.023410303378874
12.790818685641412
31.528249344871455
29.688983976800422
17.910589554954413
13.845297975364257
23.628547051798265
25.87720482414644
27.039906834000146
22.076010306814172
32.84697540607883
25.531237581123797
32.05906240265141
12.001572567505251
23.660761029752535
18.04991358428956
29.416360301627627
26.123299031902775
-14.734093007717966
-18.880629088670368
-19.931255603104063
-23.960428749091765
-21.862731680509114
-12.616803728068394
-18.201779107558075
-31.34338868062004
-12.823746593184037
-29.627086361513594
-11.31643335896263
-20.33269365411759
-32.132758684187365
-31.12510425488635
-30.911036889492625
-31.537105368310993
3.0671370691802924
-8.754380464983944
1.9246219898829597
1.8307452419235606
-3.6094241927728126
-5.701492968717217
4.689287654590228
-6.873601364620433
13.607608778149647
25.973201548585394
15.947136330136079
31.802406208818866
13.9829858723996
25.78345878567997
28.432510878130095
17.439895026412177
26.70229651141122
28.97124575854891
27.678187216828995
12.624076954001072
15.051938809920681
29.86496725382395
12.959575209023958
31.283578899517202
-22.708420699275067
-28.406630360181186
-15.339381925022565
-27.63566360167786
-30.709415289896178
-23.623008878968307
-25.102807134297255
-18.179232483615507
-11.117282976241999
-31.338426795621245
-23.619483976721327
-32.231071877366055
-31.140475994661013
-16.51630869476418
-23.04468557077586
-29.075004567695636
-4.316534631153846
5.779197947345709
-10.439112169767787
5.14773268991471
-6.754292012071399
-2.695733801073345
1.7598959513823367
8.793357881331998
18.65414975616265
14.214681417992555
22.12639744080731
20.008755115089393
32.33667579308145
22.36379483203661
28.23693339456608
30.256525190685323
16.571942574325938
23.477645540244332
22.76624916110311
24.727324926623147
24.91498153734554
13.54716760390844
24.697075224773492
19.184730363789054
38.756656975293275
38.375505344081475
39.68896336425534
50.20536473499514
53.11100898412313
34.677645647700444
44.99233436326985
47.5001481323264
33.88513342978846
48.449906890697136
34.38502216427259
46.36448411576208
38.90792707738744
49.95267095101767
41.894211477276166
40.86163842258937
74.87686313591736
72.13674339670423
66.21334801724545
67.4277538944763
61.01475039993543
75.58069134618648
61.84253041420539
66.42115629275594
98.72237306687535
99.10461074999412
92.51649102290249
95.72280106629769
82.64570780549973
91.18496493356035
90.76984983845212
99.16224887662989
87.90367894671868
88.67101111730965
78.96937031767537
85.51664542393267
86.29966354235864
93.87364953351063
92.92853213655724
95.55327720733203
47.8338906348709
54.417824058809686
53.755328426240055
36.17046590057736
39.411121325067924
38.986600579390576
34.64755636868101
53.24800021494182
51.40971850039061
48.46091619355036
33.60769468071762
42.79138354032286
53.63322548442029
39.307060842928614
46.0572633041058
52.23282792177122
71.77063077435938
64.38430152812325
66.42170930751402
55.89167877550223
61.624290480098864
66.74866987468718
57.15356889576816
56.15338228824928
85.46952471832795
83.40482317926353
85.14168171959875
87.12141169288256
96.32049430051055
94.97264570123718
94.57316739930687
80.33078301636822
89.370880342464
93.88888418412783
95.40601090186347
92.58486512057166
85.45515542644875
93.61222885800227
97.67347592554202
94.08918482471583
35.70348620391023
53.23165101749037
47.21049118801997
37.473447043188514
35.1961185998029
45.89257810969417
51.399959531289156
52.79387222536563
50.805921784048465
55.55357974980393
35.294762645165946
51.30325012051334
37.88388815038556
33.656535144593555
38.979033909710886
38.33255257356124
64.214116310255
63.113581824611344
56.290099691675124
77.48990299591317
77.74204057926437
61.584455707451994
67.47473289008458
70.10581561678472
91.40693818576652
98.2270138815669
89.55562319483705
93.21557667744658
80.65366179243257
97.95185729389779
80.35845670101716
87.48162568216841
85.74802858361592
86.9211368042642
96.40779385704292
92.20967436831755
81.87533720626772
81.49084954263353
87.90776250782619
99.11314524750946
36.2731678605696
40.00512674542083
49.11471873377691
50.842511646184064
35.56022965175026
49.47688068984519
40.6946227991127
33.40809317625439
37.972492338693336
40.56505098671865
39.915686400155195
36.82017259725616
39.96175756988865
36.60677400382807
54.756893394549955
52.21560352508514
66.77241808366796
68.00534261860061
59.21523161192137
69.76875176689668
68.85608717848626
66.456240488734
69.268974356859
73.12988855363494
85.86657349847869
94.31384909364165
82.1010433039316
81.88505162006331
83.05495126826548
96.19396066827389
89.74984323613285
95.81002156957638
93.37838855042199
93.78310223343279
85.66834795298163
87.94193394908146
90.3247720129432
91.89597845281477
86.51333761985443
88.82624358777144
38.00463632402095
35.198221552866265
47.41118945104542
35.047635191270494
38.694729940482695
39.581938219116886
45.84331202019365
43.543220382268316
45.95590722328417
42.16853150198218
47.163238343619945
52.55834709216988
33.69196757925209
35.98358089884954
54.70965403723925
51.550661691552236
74.73220520627305
68.39109799604553
67.2930014874493
72.54336621971753
64.48657307211455
75.27813817044161
60.9522294397634
67.7072749428519
92.60519547379849
84.63436220294331
91.41383729634163
85.64656797811071
96.15119546190988
86.90815381390672
89.74874325456521
93.08625048426708
88.23418933468136
90.89674875785961
85.20253602153525
80.52128491436338
79.68461072746304
96.27592174613231
80.51580889378135
95.4438044248214
42.6207192341918
50.52843349376158
48.47576591252326
53.90456172475322
37.00408447868298
52.32296414892032
47.281428176262345
34.83230559646459
45.6065788701033
48.66002234208771
44.340356496202446
39.50787023111003
50.33362998891813
49.338295921803756
48.90040725657495
34.201738437288434
55.786840267925655
71.7263369229839
72.34450571088779
65.01248210216164
57.63745142087127
75.8947799790981
61.03979341831105
73.72214223575511
97.15383434756936
99.31794687166234
80.33477118751594
85.34657414589763
94.63678021409797
96.03510551384414
91.86141081729241
82.00410508022888
91.34361132335388
94.03752817649554
81.94592695081978
79.31005215675772
96.17051503890455
95.60668861547893
88.88414379976146
80.72773520173642
41.02308323466451
36.14924760132405
41.09521564526486
35.50193847080221
41.882301668974044
43.3114736295889
34.50859497953333
44.74607578415562
41.06715150207667
44.253805208482405
34.852520843994846
47.9496417181623
36.77225436635855
54.925493679075146
55.46454431140863
34.17338543305345
66.39734371536166
73.22178032730832
56.05799269137773
58.50607480557791
56.040395436399685
76.92082563321219
65.88606634876166
71.635364965421
90.90905141905749
86.17347400395435
89.28087250064289
99.7472592094723
89.20445683827013
77.94481036156513
91.49694238946572
87.8584132521603
97.46999775596022
91.7378815219067
99.26882021553473
97.65861592109039
90.69690010772862
97.72249679290364
94.61123314206117
86.55277369914947
33.41702756206106
43.378996141884606
43.259279559474486
54.50923934682571
38.5904653100165
41.83718607983649
36.32053965760698
40.65554679570404
38.20051659893125
47.57763568960763
46.30218064194445
37.869026635688584
53.1015488960905
49.73281167037804
51.12835997249487
37.55509085689494
75.38127012928891
66.54587557182305
62.076618174979664
73.94573502470195
65.40961321480923
68.83747222353993
59.29197415669588
63.1405633384763
84.51809823189168
84.48450422369308
80.57303838479035
93.41905709491459
88.44192175937208
95.48519196725188
81.02114698216421
86.74257939500404
85.15093193545707
89.72725007562158
82.90134640996666
83.50435085950205
80.16180637756591
82.2018886254341
77.79407875347775
92.36428518464113
