-90.7600049787362
-86.41581394087925
-86.79092236483027
-98.08717390305182
-89.76755648543777
-86.68702805008539
-79.93467213695324
-87.96430881683558
-98.86291043042448
-59.47056796043502
-76.59014608760164
-75.60286765560586
-58.16258509362579
-69.12162271518751
-72.80735268722461
-41.49318317191498
-41.08341344328858
-47.563023822161526
-53.536697750762755
-43.887072833547826
-35.32567604263708
-42.5652739921765
-39.51608717718807
-40.94680978741256
-99.67377388331226
-96.75480416923038
-98.03090734151242
-96.4715235639542
-83.44265782368535
-95.55970236770214
-33.867257583185065
-52.35079424676164
-54.482805206863304
-46.29574061013481
-39.76656493152985
-51.55688189584719
-98.89239519140375
-94.28706145628267
-99.9986390391794
-94.78868027488318
-82.29008243679083
-97.49503082533411
-89.39582438808458
-92.54093850131441
-79.6059544237875
-61.85728871549066
-59.16943370615324
-60.1672658394134
-71.10652557309825
-76.42334417208414
-59.574493662038364
-46.67225251818773
-39.63030614832441
-37.78982233676122
-52.99305399067243
-49.20607643564436
-46.36675439789289
-34.40375816459462
-50.15224311314768
-54.81396240080285
-97.8522161902657
-91.84531943807039
-77.93366117057536
-83.58059768083807
-93.98922272774378
-87.32603652796814
-82.31348207996032
-91.41131347641925
-91.58745552334824
-57.303018726717056
-57.247061029737196
-56.158008580464895
-62.88144759400409
-77.03465452624154
-68.03360071388073
-42.247160762033225
-39.785987993963374
-45.68135093248413
-37.082242575769286
-52.407983074281084
-49.321199013070824
-33.5786253521283
-54.40340710722984
-50.089880802686366
-96.91778719674724
-90.24901913580902
-92.99700148843426
-84.87796127710179
-90.85512523012767
-97.81870235618226
-44.553174994996354
-33.970300326909324
-45.877711783350044
-41.082754405517285
-42.29331602229253
-37.915558129275354
-99.68934185411925
-79.55706325233442
-98.91441609810737
-78.15848750367505
-96.19166705655914
-87.39890132351958
-85.51679099174433
-97.43855987943513
-91.11769974123064
-76.83445096177834
-77.57034197751705
-68.69470175302173
-57.72857670118553
-66.6163965989189
-58.128983634642864
-48.170692640048
-54.881139432558825
-51.22383401534768
-49.903237160940684
-53.70845813581248
-33.630003883785704
-50.401659967171376
-33.82208305685468
-48.48802245237169
-93.09526545599581
-88.98970638619126
-94.42589895925971
-89.43189946737917
-82.73174661254937
-94.01828469202907
-83.24761962611021
-92.18390413248397
-82.27972336365005
-68.42773256579294
-66.17803677731703
-77.15200199105074
-61.512136215624125
-60.46082161877936
-70.381763296321
-34.04519548441685
-44.23723187743151
-54.264494851371566
-39.72948804156031
-49.82178915581456
-51.62851687854688
-46.84754888228287
-34.867918183411774
-44.89463578498618
-90.62503997032746
-81.03475369311384
-90.54473731251417
-92.50645595621023
-80.16555544590763
-86.7818634745512
-51.942740206839886
-49.17496751567809
-52.76911689756027
-37.33839747549687
-48.581141542442495
-50.29807091753253
-87.98831647543366
-78.30573234224656
-78.78221808395176
-94.37980585602078
-99.95740553774259
-88.41694331860569
-88.66329832689607
-95.45080628657948
-79.74019218738579
-71.21741031447134
-60.70037857299364
-56.7006277101118
-65.04273214928095
-56.3217218689275
-68.49301522640485
-40.38665168472331
-35.89636705165961
-41.79829937047615
-55.21525610306415
-39.26933337863261
-34.895184440879774
-51.7751467109833
-45.926556792184606
-40.26734163007768
-28.908899938950682
-22.51832147230023
-11.54678267316476
-27.45343161945697
-28.23475571698709
-26.394638108852533
-29.925080672487425
-17.360571422580186
-16.611755366350522
1.7428757678102809
9.631789251553963
10.346333322145869
-10.485768606935347
8.92724399616118
-10.229278160115902
19.514564954352966
28.4297266373029
20.5737308435313
19.84655262968522
33.22603570415974
18.230721705097395
16.406007636368354
32.94300135980531
17.229701024582976
-14.010426535070007
-33.25086178572923
-17.248920282452975
-19.07850443843528
-24.99083327800286
-14.852676120648763
15.272366228128554
19.604955206919197
28.731837295887516
30.907843285373403
14.482153152180192
31.434089299143068
-23.23547499337813
-28.653330872989528
-31.998138718983967
-15.158198995894661
-16.282702201890423
-26.69285422854153
-28.486267747613987
-21.564478616562063
-16.18338565333003
-0.407768943893112
-9.577758922832452
1.2632083343620355
6.175339419827159
-10.1563368066797
-2.31770256546638
19.130659706897447
23.947351962608074
31.114421708550843
15.351757937710207
23.294267454501455
19.509058565987484
20.873001837258784
23.513797205658033
25.263198626243785
-22.678579489010154
-12.008365927673104
-19.98356004201178
-31.594407751631998
-32.05923833785974
-17.763952535504952
-17.3842653617704
-19.312065628090615
-32.56895626441448
3.502273651482801
-0.41998987023949574
-10.508761698479391
9.542195488257375
8.343847076271908
2.754029092847537
25.46518618546996
22.61824736924808
14.997545358147253
13.03047804266137
13.578688012416604
28.145102393405338
11.919977493678282
17.66554552296249
27.899366875402478
-12.459694361241485
-12.539315999939983
-30.999845490395167
-12.17797686068318
-20.499638192273007
-14.150755635765705
32.32630948779636
25.737515395327282
19.75222937879198
26.361680302458012
24.099480222691938
24.90023527444754
-27.449576344675634
-25.093271416434202
-11.664328483459112
-22.1953300450863
-19.79985609464711
-29.263570526394055
-27.43346285908042
-20.869339142356843
-31.190548513036468
-7.709317167726027
-9.267224631085929
0.3837484019550228
-4.046990024082768
0.13332528554518674
-4.4876972188878215
19.128042593655483
11.637178559792384
12.552585826821916
31.64730617035775
17.655075970246937
27.146665975268526
17.053696655915452
32.05513779799986
12.961363282960066
50.176741515540044
38.8959117390514
33.785008205006136
41.720333435060645
39.566813095985594
37.1821008256567
34.035778017889264
51.64996353658041
38.982576483288085
66.10384839204875
61.45169870243755
75.91708576270388
75.06671667385092
69.74432449517249
73.4728547247017
92.15025227619205
94.5738399118623
98.16051441087276
93.70151004459828
85.3892791740296
81.19874205976194
94.46809432426979
81.30435958346612
80.01866650877405
54.56216950154996
38.902046250636
49.72935991118744
43.665000053488235
52.45772670934977
38.47430572960067
96.86255867004421
86.4267197342691
89.06218875346104
88.02502516596329
96.08711859460568
80.21143636486235
55.19411981128368
46.294813904793536
41.19862070872581
38.73827831634864
34.26980846147503
38.599477662458625
38.83450150339666
45.66472161000114
37.86845232611776
72.49235195520622
65.38245796937714
62.61391300286344
65.6911499716234
71.04455845619441
62.123265335803445
80.36097586498666
90.1517511919113
85.87212187441946
99.27057106773762
82.57455589228682
77.90834594498048
86.91228383135945
97.07920929171691
86.38101628508049
35.87039074344308
49.18909293846025
48.9989389715336
38.30716941193261
36.6801443409629
40.58361700421098
34.52554486211011
55.55015933850141
49.17650260312226
57.31186761434251
64.34564579029838
69.67521000054286
74.10191401669677
77.4990767824788
66.81533080448105
97.71918764501153
78.53319829543722
88.79816244158287
93.6537984718838
98.48944832460842
88.893389019911
89.54871570328794
79.97155224530493
82.41035894063604
34.85694698127497
33.930453728206764
50.39684601755989
38.46660257488442
50.85107101976907
49.689816098211566
92.32972749133067
88.03020299430266
78.09390517795836
83.68586500826912
89.45080393699223
87.27425075406744
44.51698934620721
44.139440109212174
44.467999650868315
50.40067548832498
35.328020104542176
46.19013003527876
40.08983501684955
51.42315650862709
53.24490192100631
66.68396640809115
71.95375001819014
57.01575090996025
74.73203171356347
73.48715134338785
67.37504670649672
84.07022538198743
86.40790731557345
96.37030456419814
99.62912647518617
86.13604211630128
79.53534969800985
90.19899470694682
99.44983404660573
90.10149335613
33.727177784564965
40.62762121271968
42.34065480460325
53.13156542839203
53.95458413405882
39.253459816042266
40.217787960524525
34.50457108318425
44.13655406499512
56.940347401983416
65.35195984389738
59.71592847521422
73.73475755871459
76.55072783188751
72.26820322316763
99.1295846387429
94.32424241661855
94.88545381933446
86.1930013050697
95.63519653709307
91.46678846116802
89.04418310635367
99.60970556098593
84.91969679814454
40.50678495752714
47.396015528438
35.00203133750349
45.99372956416159
45.100143084280475
52.26437269678041
89.25854253173836
95.65342348157941
99.4261340319561
79.6946475388269
92.7340090357585
85.37244477433043
40.86263093748088
42.686703815380326
45.5897368124623
43.81485622805221
44.30569999734018
46.80607120434078
47.76924029477879
54.058071782366795
41.248745699986685
74.781178046174
67.90264076972504
72.36733712448651
65.337877131587
69.52208778172256
59.37124085903695
95.9133670095413
91.5785546440637
86.96151796726579
90.62182968025743
89.49746913851352
92.05118606631711
92.49118981184552
79.1846512781928
83.46012581114098
-80.33301123769995
-90.06681591206468
-92.0297619502983
-97.90205853219969
-78.98949545674002
-82.59883303408452
-84.40405817576416
-86.16089761607215
-99.88533485231596
-72.37365617657882
-58.30022800088869
-58.73879393989269
-75.61199018360811
-73.61573180949506
-74.95772908019941
-54.54138934935597
-39.08630139910147
-47.26892535779276
-33.56656480468287
-53.26241509266425
-49.57399034657019
-40.347192282338774
-50.47126355467912
-46.56085755184904
-85.92031574648121
-82.93039906969885
-81.17100783193276
-88.85096868008694
-83.1153665421865
-96.77283919912229
-50.389084028715075
-44.87197143776946
-42.42750582139131
-55.39295957455628
-35.03172690062477
-40.452494831894136
-82.25857004855757
-94.0120107189204
-82.48651331790973
-91.05383681225595
-79.9069724104633
-79.65427048752949
-80.46189839096692
-94.59477006647664
-85.48290732779653
-67.91026223428483
-65.0532541580628
-73.5108822104423
-70.3956423006381
-63.888847152182166
-60.04427336231234
-45.29113353199376
-33.94400573706393
-51.87660245311599
-33.529790470178284
-33.950905512989685
-51.37120420284741
-34.75275049023013
-37.361371911176725
-46.171483479705756
-81.44958612660837
-82.70480417748942
-82.50078158274192
-95.25415212610636
-91.9531835278646
-78.53761585899414
-97.4663184139517
-84.87662304370579
-81.17037653143609
-61.69357203249511
-65.46176101500555
-60.57876096000807
-59.0165965636739
-58.30439178671437
-76.70924432519986
-46.229974230882334
-36.2679235295267
-51.847842860704155
-53.17989137275989
-54.036285765830726
-49.931955707919
-52.65999019421007
-46.74685243073485
-36.16363123171444
-83.55991782100531
-92.77601091743394
-79.3883717410988
-98.43914446394703
-78.59133823373949
-85.02764745279843
-50.60790479082926
-41.18463804026576
-45.35116326728718
-35.615960413289734
-34.83344497252764
-54.526765123637674
-80.3260390804268
-82.63753893398018
-78.91938552887645
-89.87720285503843
-95.56559301259895
-86.20086195995344
-78.17739182075437
-79.37449722820499
-99.09137979512577
-62.74889874990134
-66.77092564107797
-58.441223914845466
-62.611096062607544
-68.79269461284358
-74.96561628068191
-54.64964826926427
-41.99832989856504
-42.03554378220295
-41.44401746658312
-52.58279641021623
-41.67562330417901
-43.728018390425504
-44.859683070394276
-43.30791591111412
43.35515823157726
54.280013663019446
36.098966067291805
39.06981352520307
38.93435828171155
35.89433218480976
68.08731036098857
66.06960058306264
62.30712224249024
66.19950545452981
89.11666840878293
84.71701611308067
94.17771857183388
87.59339912538961
99.94402074232428
92.84285329665748
43.0221591142333
53.5314798398101
48.29129858730904
39.72737910739943
84.71685687336424
96.67608361299096
85.72928297812732
87.63391412178478
44.313092661440116
43.90866138826888
36.66818805457511
40.895967142783235
38.834118582673895
44.678407801821365
68.30787254693224
74.75397984415414
76.55590953276003
76.40456405621805
80.80427131886739
94.42331668575471
98.01122845980083
95.53253653214396
80.50673403234241
94.13294124717795
46.929763258619275
37.58787151662085
44.80236755879151
54.99315633073169
42.16128886431551
45.288281990737104
68.20158933273039
63.975257396591054
73.21301447365896
64.90673189212794
95.81383492838577
98.46042473693632
84.58869520846528
97.6280671777157
80.07157635823864
79.51744632163708
47.645736500336966
35.718934921378185
50.57556832581378
41.18777921099128
87.63183220024538
86.26909651238735
98.58787263739927
81.48093854215337
49.03576203028126
43.61728989264212
46.99175426938596
42.40212731656095
44.38785467149419
48.67981433352472
70.135632732788
55.5918309969264
73.50758119705324
58.143941377434146
79.21524800576208
98.16492228964961
99.69663895145155
83.3155188506932
97.7240740017923
85.65016826754771
-84.59549608168386
-97.12373136339141
-81.98323854280214
-81.11668135953879
-99.77234813365747
-82.97756895270093
-56.927069687950066
-56.25748730338322
-75.701049133493
-63.1329942864582
-33.99215629244128
-34.37741040779565
-42.04206804698947
-51.851588025249065
-54.02543985733622
-48.80845577970372
-97.04537889940693
-81.13433326353703
-86.04971639853024
-85.07531865663415
-38.67061979349843
-41.32368933479415
-36.724531161562446
-39.49688893871108
-94.47127075014032
-82.91830960552798
-85.61542429645131
-83.71779951237771
-92.7375579827399
-83.52632175319629
-64.62345050479973
-63.65107269136459
-76.91970739579156
-67.19472084941398
-50.07879363665796
-54.69396785070357
-45.0189601858431
-39.0251650407898
-39.626431734118206
-47.48800655829068
-84.3273520779957
-88.24254156696841
-98.68372405151888
-83.26410506293365
-91.840824789584
-84.38875063429091
-60.707245382332346
-61.61149818882379
-77.41936979502393
-66.29244756863173
-40.658115533580045
-39.66797353423954
-51.43371545672542
-35.249343566238615
-49.67919376629345
-41.36003798075764
-78.99829050505843
-90.2148445270374
-81.09386522791078
-87.31380440318644
-38.94490718166803
-39.316897540336456
-40.07139226075307
-51.52180140903461
-90.7740530115598
-99.75297571421002
-78.34460133515978
-94.23199386331126
-93.59760794211694
-79.36344039458841
-71.21202291511223
-56.267479459227246
-59.78036086684911
-73.42959354532587
-47.81963574484773
-39.1997425584225
-51.48684973289961
-53.97303150185499
-46.28593137678443
-38.484968494257345
-96.20027753754971
-87.14454293048827
-90.38593073189283
-98.38735208548145
-85.27940191939749
-87.18576027867695
-63.13391780276438
-62.69993788567351
-72.20174689572355
-69.5917379816072
-51.367668638931335
-48.376855779942765
-37.64063022198525
-45.94204061549284
-54.338870997612965
-47.98853574846133
-81.38373693768172
-97.2906679532893
-99.4663407570807
-82.51480112680875
-47.43343287456038
-38.67788881324627
-34.2549858450451
-33.955140827438655
-99.54481367395387
-88.69423620507439
-98.25760817970968
-87.56098152078793
-95.5121771029887
-85.08855508983129
-67.30299022126653
-72.84808406393893
-70.81927876171235
-62.390295418768986
-37.36561653314331
-44.26159559058286
-46.93455004581121
-52.6334146555192
-44.076510842839895
-53.10847325885788
-15.448238842450674
-29.969797115124813
-29.304368076889034
-32.14196862096912
-27.525352248116523
-16.466155584188275
9.306386141778043
1.4638486673335347
5.658146580287303
-10.801133475254362
27.5798387219777
20.07491041805916
32.8292974213629
28.30349106113548
13.1724553493265
18.298736293073127
-26.700118146585957
-28.17248386367955
-19.25802193688064
-30.759987021905562
18.889976183975435
23.110227843373163
15.482641433599206
15.325660869926482
-29.18177544644925
-29.597298786118746
-28.563933780265387
-30.332865490986368
-32.71538240830365
-24.377038645893656
7.918634969215416
9.85217903000836
4.889071586890827
-1.8558429687663445
26.420888140685484
26.288305098392414
17.64111551191209
28.162051730446322
29.210369830279348
19.53361103452836
-26.655392205870548
-12.456821995722763
-29.28257558303865
-18.997165717293882
-32.524374771393376
-19.617755092088416
-8.618456590853619
-5.416777792858028
-5.133024393362649
7.4635464968487195
33.20617922305558
18.591508752276667
26.23586802135825
31.759479724158183
25.701352876683526
14.816654663713505
-12.38006928950863
-26.212347488459873
-33.14740133204013
-15.876963152657709
13.898741361559303
26.08642641989976
17.35286729519801
24.01326330316396
-32.78221128616956
-16.965109473975975
-22.429001750636743
-12.886851716059162
-11.589566546906344
-25.37393278644633
3.3840057353570163
1.8547537775366507
6.653197071886995
3.9349727246620283
27.95964007851186
17.6967708765575
25.146120544546292
17.905957081802313
25.173758960146273
12.590442575914935
50.80525733499474
45.27212897333225
43.250705445479774
38.96258704887575
54.89967110820254
36.13580130535869
76.64629795102698
64.02288335356629
72.59396366959614
57.20505550617966
85.70780786265576
91.82149787807147
94.69154062912648
79.34210084448975
83.91004747570874
93.74094003403681
41.18027390637306
51.045252484692185
35.925899459232454
43.224969263277536
77.905283583103
82.75806246062703
79.77659002935185
93.9718423355303
44.83333379323763
39.1430503850812
36.15510823032948
36.327010020313026
51.37420613723603
49.67362996483338
75.5031461742623
58.64596545220339
72.19749261641621
68.75286502520795
89.65891341011337
84.516858167013
90.37302016561928
89.50605722179387
93.21349743773516
86.26809027381702
50.136200827374836
51.5269704250846
37.89486032454851
34.58280627237551
43.580472353212166
37.74032654920731
72.45220741410486
66.63333379575778
75.2187523970246
73.62044356910359
98.4171166769274
85.37867647863087
92.3011398301441
78.8331646533274
80.99367273834538
96.09261506159069
48.138074142771096
54.7232433878601
40.84462171361012
53.920045550779335
91.56792712889408
87.6188454836178
87.8053071675239
82.73917912678479
37.014418109084254
52.113178708019916
39.34968859334129
53.059511155144655
44.08011545379209
54.75498205547362
72.73083438519024
75.10993675159952
56.65093255458187
66.93462382756687
90.12192202197994
94.89031250630937
85.70961364333792
78.41316014483995
97.45965595473444
97.99536006364747
45.25152566538537
37.685622207970184
43.37342175927907
50.69427831737542
33.530261649214864
54.419283067051495
56.79271663362936
62.285029039528766
70.11144017093307
67.00712996870664
82.78457900070084
92.6945145486674
86.21394652690084
91.4929250537373
79.21528272052053
99.10923157350862
43.790955134398715
44.53480801605294
46.40088250660096
37.317693613141216
94.41505091194674
83.79056128113501
84.6759337740187
96.31482657068142
37.83818782161452
34.12934615120826
55.21337332498582
37.448590186651714
46.542544399758434
34.06864353181094
57.47108070803813
65.31355077593929
64.46029965055573
66.02350758869257
98.98871606538299
98.93726908153639
87.54124127989022
81.89360232795039
86.57875852391807
83.00764262819175
